200
1  11 0.0350
1  11 0.0388
1  11 0.0428
1  11 0.0451
1  11 0.0458
1  11 0.0468
1  11 0.0437
1  11 0.0400
1  11 0.0342
1  11 0.0291
1  11 0.0226
1  11 0.0155
2  11 0.0082
2  11 -0.0001
2  11 -0.0084
1  10 -0.0173
1  10 -0.0237
1  10 -0.0331
1  10 -0.0423
1  10 -0.0523
1  10 -0.0555
1  10 -0.0569
1  10 -0.0557
1  11 -0.0530
1  11 -0.0484
1  11 -0.0438
1  11 -0.0349
1  11 -0.0285
1  11 -0.0201
1  11 -0.0106
2  11 0.0009
1  10 0.0123
1  10 0.0217
1  10 0.0339
1  10 0.0442
1  10 0.0528
1  10 0.0595
1  10 0.0674
1  10 0.0669
1  10 0.0645
1  10 0.0599
1  10 0.0538
1  10 0.0461
1  10 0.0358
1  10 0.0270
1  11 0.0149
2  11 0.0035
2  11 -0.0094
1  10 -0.0206
1  10 -0.0316
1  10 -0.0432
1  10 -0.0561
1  10 -0.0637
1  10 -0.0709
1  10 -0.0743
1  10 -0.0746
1  10 -0.0774
1  10 -0.0779
1  10 -0.0750
1  10 -0.0692
1  10 -0.0657
1  10 -0.0589
1  10 -0.0471
1  10 -0.0382
1  10 -0.0294
1  10 -0.0170
2  10 -0.0044
2  10 0.0072
1  10 0.0179
1  10 0.0312
1  10 0.0383
1  10 0.0458
1  10 0.0541
1  10 0.0597
1  10 0.0605
1  10 0.0593
1  10 0.0581
1  10 0.0530
1  10 0.0457
1  10 0.0366
1  10 0.0283
1  10 0.0175
2  10 0.0055
2  10 -0.0059
1  10 -0.0184
1  10 -0.0315
1  10 -0.0420
1  10 -0.0506
1  10 -0.0603
1  10 -0.0698
1  10 -0.0771
1  10 -0.0784
1  10 -0.0809
1  10 -0.0821
1  10 -0.0779
1  10 -0.0756
1  10 -0.0714
1  10 -0.0647
1  10 -0.0529
1  10 -0.0429
1  10 -0.0337
1  10 -0.0231
1  10 -0.0107
2  10 0.0017
1  10 0.0141
1  10 0.0270
1  10 0.0352
1  10 0.0415
1  10 0.0490
1  10 0.0576
1  10 0.0597
1  10 0.0593
1  10 0.0590
1  10 0.0569
1  10 0.0516
1  10 0.0466
1  10 0.0378
1  10 0.0289
1  10 0.0174
2  10 0.0073
2  10 -0.0025
1  10 -0.0148
1  10 -0.0263
1  10 -0.0374
1  10 -0.0464
1  10 -0.0561
1  10 -0.0643
1  10 -0.0701
1  10 -0.0735
1  10 -0.0756
1  10 -0.0743
1  10 -0.0722
1  10 -0.0691
1  10 -0.0651
1  10 -0.0553
1  10 -0.0461
1  10 -0.0393
1  10 -0.0311
1  10 -0.0198
1  11 -0.0117
2  11 -0.0006
1  10 0.0133
1  10 0.0240
1  10 0.0282
1  10 0.0330
1  10 0.0422
1  10 0.0475
1  10 0.0533
1  10 0.0554
1  10 0.0551
1  10 0.0497
1  10 0.0486
1  10 0.0447
1  10 0.0428
1  10 0.0409
1  10 0.0403
1  10 0.0391
1  10 0.0340
1  10 0.0258
1  10 0.0223
1  10 0.0174
2  10 0.0079
2  10 -0.0013
2  10 -0.0041
2  10 -0.0091
0  16 0.0000
1  16 -0.0183
1  16 -0.0193
1  16 -0.0181
1  17 -0.0166
1  17 -0.0147
1  18 -0.0134
1  18 -0.0118
2  18 -0.0100
2  18 -0.0074
2  18 -0.0046
2  18 -0.0017
0  12 0.0000
1  12 0.0372
1  12 0.0447
1  12 0.0488
1  12 0.0492
1  13 0.0472
1  13 0.0486
2  13 0.0000
2  13 0.0000
2  13 0.0000
2  13 0.0000
0   0 0.0000
0   0 0.0000
0   0 0.0000
0   0 0.0000
0   0 0.0000
0   0 0.0000
0   0 0.0000
0   0 0.0000
0   0 0.0000
0   0 0.0000
0   0 0.0000
0   0 0.0000
