200
0   0 0.0000
0   0 0.0000
0   0 0.0000
0   0 0.0000
1  15 -0.0056
1  14 -0.0073
1  14 -0.0090
1  14 -0.0099
1  14 -0.0123
1  14 -0.0148
1  14 -0.0161
1  14 -0.0175
1  13 -0.0196
1  13 -0.0201
1  13 -0.0197
1  13 -0.0200
1  13 -0.0190
1  13 -0.0184
1  13 -0.0153
1  13 -0.0127
1  13 -0.0080
2  13 -0.0048
2  13 -0.0020
2  13 0.0016
1  13 0.0064
1  13 0.0107
1  13 0.0154
1  13 0.0185
1  13 0.0186
1  13 0.0191
1  13 0.0199
1  13 0.0202
1  13 0.0198
1  13 0.0178
1  13 0.0149
1  13 0.0104
1  13 0.0067
2  13 0.0027
2  13 -0.0016
2  13 -0.0048
1  13 -0.0088
1  13 -0.0138
1  13 -0.0180
1  13 -0.0213
1  13 -0.0247
1  13 -0.0270
1  13 -0.0285
1  13 -0.0289
1  13 -0.0296
1  13 -0.0285
1  13 -0.0259
1  13 -0.0230
1  13 -0.0183
1  13 -0.0148
1  13 -0.0104
1  13 -0.0082
2  13 -0.0038
2  13 0.0015
1  12 0.0069
1  12 0.0124
1  12 0.0155
1  12 0.0171
1  12 0.0195
1  12 0.0224
1  12 0.0249
1  12 0.0255
1  12 0.0258
1  12 0.0246
1  12 0.0219
1  12 0.0198
1  12 0.0171
1  12 0.0140
1  12 0.0107
1  12 0.0074
2  12 0.0023
2  12 -0.0025
1  12 -0.0065
1  12 -0.0107
1  12 -0.0153
1  12 -0.0174
1  12 -0.0204
1  12 -0.0241
1  12 -0.0255
1  12 -0.0259
1  12 -0.0251
1  12 -0.0254
1  12 -0.0236
1  12 -0.0244
1  12 -0.0236
1  12 -0.0214
1  12 -0.0185
1  12 -0.0156
1  12 -0.0116
1  13 -0.0078
1  13 -0.0055
2  13 -0.0025
2  13 0.0017
1  12 0.0058
1  12 0.0093
1  12 0.0136
1  12 0.0168
1  12 0.0179
1  12 0.0199
1  12 0.0223
1  12 0.0237
1  12 0.0252
1  12 0.0263
1  12 0.0240
1  12 0.0228
1  12 0.0213
1  12 0.0189
1  12 0.0160
1  12 0.0128
1  12 0.0086
2  12 0.0032
2  12 -0.0010
1  12 -0.0054
1  12 -0.0097
1  12 -0.0142
1  12 -0.0172
1  12 -0.0216
1  12 -0.0248
1  12 -0.0268
1  12 -0.0275
1  12 -0.0288
1  12 -0.0272
1  12 -0.0265
1  12 -0.0268
1  12 -0.0266
1  12 -0.0242
1  12 -0.0218
1  12 -0.0191
1  12 -0.0139
1  12 -0.0116
1  12 -0.0099
1  12 -0.0061
2  12 -0.0018
2  12 0.0018
1  12 0.0068
1  12 0.0106
1  12 0.0134
1  12 0.0159
1  12 0.0191
1  12 0.0219
1  12 0.0243
1  12 0.0272
1  12 0.0281
1  12 0.0270
1  12 0.0270
1  12 0.0264
1  12 0.0248
1  12 0.0232
1  12 0.0204
1  12 0.0163
1  12 0.0116
1  12 0.0082
2  12 0.0036
2  12 -0.0011
2  12 -0.0048
1  12 -0.0091
1  12 -0.0151
1  12 -0.0189
1  12 -0.0218
1  12 -0.0243
1  12 -0.0256
1  12 -0.0255
1  12 -0.0268
1  12 -0.0271
1  12 -0.0266
1  12 -0.0259
1  12 -0.0242
1  12 -0.0213
1  12 -0.0180
1  12 -0.0165
1  12 -0.0144
1  12 -0.0104
1  12 -0.0055
2  12 -0.0012
2  12 0.0041
1  11 0.0082
1  12 0.0109
1  12 0.0141
1  12 0.0184
1  12 0.0215
2  12 0.0000
2  12 0.0000
2  12 0.0000
2  12 0.0000
0   0 0.0000
0   0 0.0000
0   0 0.0000
0   0 0.0000
0   0 0.0000
0   0 0.0000
0   0 0.0000
0   0 0.0000
0   0 0.0000
0   0 0.0000
0   0 0.0000
0   0 0.0000
