200
0.001324
0.003239
0.003286
0.003854
0.00444
0.003307
0.004499
0.003505
0.005791
0.005142
0.005144
0.00286
0.004037
0.002347
0.002698
0.002502
0.005094
0.003345
0.002108
0.003784
0.00241
0.003382
0.003146
0.004498
0.005001
0.003241
0.003993
0.004098
0.002214
0.002686
0.001378
0.00136
0.001104
0.003981
0.001761
0.001772
0.001242
0.000489
0.001758
0.000557
0.001756
0.001953
0.002006
0.000614
0.002009
0.001997
0.001753
0.002388
0.002389
0.001619
0.001156
0.002423
0.003702
0.002473
0.003428
0.003578
0.001187
0.001545
0.002258
0.002872
0.003647
0.00205
0.003769
0.003568
0.003378
0.002748
0.002649
0.002466
0.00347
0.003208
0.003475
0.002903
0.004271
0.001924
0.001982
0.002681
0.0012
0.001813
0.002344
0.003341
0.002177
0.003318
0.00383
0.002816
0.003506
0.001573
0.001833
0.001807
0.001531
0.001439
0.001139
0.002168
0.003447
0.002331
0.003797
0.004906
0.002694
0.003705
0.003438
0.002417
0.003081
0.002699
0.001684
0.002908
0.002592
0.004338
0.003307
0.002999
0.002766
0.002498
0.001783
0.002665
0.002183
0.001066
0.001288
0.002878
0.002189
0.002328
0.002235
0.002289
0.003746
0.002705
0.001643
0.003478
0.002874
0.002389
0.003338
0.002028
0.002495
0.003019
0.002482
0.003301
0.002348
0.002796
0.003909
0.002242
0.003025
0.00281
0.0024
0.002854
0.004222
0.003041
0.002905
0.003596
0.004747
0.00297
0.004894
0.003854
0.004604
0.004289
0.004969
0.00344
0.00513
0.004537
0.004265
0.004519
0.004146
0.004562
0.00313
0.004452
0.003343
0.003884
0.004805
0.003249
0.003461
0.002207
0.003012
0.003506
0.001811
0.003555
0.002878
0.002878
0.001716
0.003636
0.004502
0.004051
0.002791
0.003509
0.002895
0.003666
0.002966
0.003002
0.003824
0.000911
0.003223
0.003993
0.005529
0.003372
0.003198
0.003096
0.00385
0.002349
0.003406
0.002293
0.002137
0.002227
0.001713
0.001031
0.003732
0.00315
