200
0.0
-6e-06
0.000187
-0.000424
0.000146
0.001232
0.002077
0.001593
0.000915
-0.000229
-0.001067
-0.002753
-0.004456
-0.00593
-0.006852
-0.007534
-0.008593
-0.010135
-0.011232
-0.012455
-0.013699
-0.014851
-0.015548
-0.016015
-0.015637
-0.014975
-0.013336
-0.012559
-0.011103
-0.008042
-0.003839
0.000148
0.002758
0.005016
0.007747
0.009299
0.012026
0.013814
0.015284
0.015201
0.014035
0.012542
0.010191
0.006227
0.002639
-0.00036
-0.003031
-0.00559
-0.008525
-0.011612
-0.013856
-0.015402
-0.016156
-0.017307
-0.016598
-0.01514
-0.013496
-0.009654
-0.004777
-0.001304
0.001286
0.005721
0.010338
0.014016
0.015837
0.016763
0.017187
0.016874
0.016362
0.013793
0.010941
0.008556
0.005302
0.002323
-0.001589
-0.005857
-0.009
-0.010905
-0.012786
-0.0146
-0.015195
-0.015097
-0.014563
-0.013157
-0.010697
-0.008963
-0.006122
-0.001485
0.001723
0.004819
0.008262
0.010747
0.011576
0.012787
0.013103
0.012538
0.011517
0.010462
0.008498
0.005803
0.003192
0.00072
-0.002167
-0.003917
-0.006311
-0.008045
-0.00957
-0.010605
-0.011138
-0.010487
-0.010335
-0.010086
-0.007209
-0.003315
-0.001618
0.000319
0.00247
0.003642
0.0053
0.007673
0.00947
0.009355
0.009292
0.008323
0.006349
0.004357
0.00291
0.001278
-0.000676
-0.002932
-0.004608
-0.006439
-0.00804
-0.008425
-0.008484
-0.008625
-0.00858
-0.006538
-0.004004
-0.001351
0.000114
0.002204
0.003327
0.004903
0.007465
0.009968
0.009951
0.010451
0.009872
0.008397
0.007295
0.0051
0.003056
0.00178
-0.000411
-0.002501
-0.004901
-0.006395
-0.007921
-0.008661
-0.008906
-0.009953
-0.009052
-0.00728
-0.007464
-0.004675
-0.000569
-4e-06
0.000757
0.003434
0.006525
0.008085
0.008615
0.00918
0.008638
0.008754
0.007879
0.006156
0.004371
0.003694
0.001157
-0.000815
-0.002281
-0.004249
-0.00612
-0.006517
-0.008192
-0.008294
-0.007744
-0.006602
-0.006236
-0.00475
-0.002843
-0.001345
0.001551
0.003299
0.002839
0.005227
0.008064
0.00754
