200
0.0350
0.0388
0.0428
0.0451
0.0458
0.0468
0.0437
0.0400
0.0342
0.0291
0.0226
0.0155
0.0082
-0.0001
-0.0084
-0.0173
-0.0237
-0.0331
-0.0423
-0.0523
-0.0555
-0.0569
-0.0557
-0.0530
-0.0484
-0.0438
-0.0349
-0.0285
-0.0201
-0.0106
0.0009
0.0123
0.0217
0.0339
0.0442
0.0528
0.0595
0.0674
0.0669
0.0645
0.0599
0.0538
0.0461
0.0358
0.0270
0.0149
0.0035
-0.0094
-0.0206
-0.0316
-0.0432
-0.0561
-0.0637
-0.0709
-0.0743
-0.0746
-0.0774
-0.0779
-0.0750
-0.0692
-0.0657
-0.0589
-0.0471
-0.0382
-0.0294
-0.0170
-0.0044
0.0072
0.0179
0.0312
0.0383
0.0458
0.0541
0.0597
0.0605
0.0593
0.0581
0.0530
0.0457
0.0366
0.0283
0.0175
0.0055
-0.0059
-0.0184
-0.0315
-0.0420
-0.0506
-0.0603
-0.0698
-0.0771
-0.0784
-0.0809
-0.0821
-0.0779
-0.0756
-0.0714
-0.0647
-0.0529
-0.0429
-0.0337
-0.0231
-0.0107
0.0017
0.0141
0.0270
0.0352
0.0415
0.0490
0.0576
0.0597
0.0593
0.0590
0.0569
0.0516
0.0466
0.0378
0.0289
0.0174
0.0073
-0.0025
-0.0148
-0.0263
-0.0374
-0.0464
-0.0561
-0.0643
-0.0701
-0.0735
-0.0756
-0.0743
-0.0722
-0.0691
-0.0651
-0.0553
-0.0461
-0.0393
-0.0311
-0.0198
-0.0117
-0.0006
0.0133
0.0240
0.0282
0.0330
0.0422
0.0475
0.0533
0.0554
0.0551
0.0497
0.0486
0.0447
0.0428
0.0409
0.0403
0.0391
0.0340
0.0258
0.0223
0.0174
0.0079
-0.0013
-0.0041
-0.0091
0.0000
-0.0183
-0.0193
-0.0181
-0.0166
-0.0147
-0.0134
-0.0118
-0.0100
-0.0074
-0.0046
-0.0017
0.0000
0.0372
0.0447
0.0488
0.0492
0.0472
0.0486
0.0000
0.0000
0.0000
0.0000
0.0000
0.0000
0.0000
0.0000
0.0000
0.0000
0.0000
0.0000
0.0000
0.0000
0.0000
0.0000
