188
2e-06
0.000224
-0.000303
4.3e-05
0.000349
0.000991
0.001076
-0.028053
-0.044787
-0.076552
-0.027958
0.066965
0.063318
0.039958
0.02956
0.027484
0.024929
0.011983
0.002192
-0.004665
-0.011016
-0.013575
-0.006241
-0.002346
-0.001938
-0.000954
-0.00663
-0.006079
-0.002604
-0.000275
0.003246
0.005015
0.001829
0.002106
0.00341
0.003248
0.001214
0.001
-0.00079
0.000515
0.002858
0.0038
0.002238
-0.002006
-0.007581
0.003068
0.004143
0.001837
0.001767
0.001774
0.001444
0.001348
0.001752
0.001705
0.000826
0.000778
0.001702
0.001905
0.00149
0.002573
0.002787
0.000328
8.1e-05
-0.0
-0.001389
0.000694
0.000298
-0.000127
-0.000656
-0.001131
-0.001122
-0.000202
0.001496
0.001753
0.001898
0.00241
0.001325
0.000501
0.0014
0.003094
0.002914
0.000378
0.000349
0.002254
0.000104
0.000187
0.000692
0.000145
-0.000705
0.000279
0.00046
-3.6e-05
-0.000133
-0.000354
-0.000738
-0.000898
-0.000176
0.000952
0.000595
8.2e-05
0.00025
0.001151
0.001155
-0.00011
-0.000814
-0.00075
-0.000323
-0.000212
-0.000238
-0.000312
-0.000334
-0.00045
-0.000334
0.000309
2e-05
-0.000187
-5.9e-05
-4.4e-05
-0.000124
-0.000299
-0.000534
-0.00021
0.000265
0.000535
0.000527
0.000233
0.000507
0.000433
0.000289
-0.000187
8.1e-05
0.000233
7.2e-05
-5.2e-05
-0.000299
-0.000508
-0.000474
0.000252
0.000739
0.000795
0.000693
0.000535
0.000421
0.000537
0.000632
0.000578
0.000446
-2.8e-05
-0.000271
-0.000112
5.5e-05
7.1e-05
1.1e-05
-9.4e-05
-5.4e-05
-4.5e-05
9e-06
0.000293
0.000465
0.000223
-0.000197
-0.000193
-0.000248
-0.000423
-0.000489
-0.000167
0.000162
0.000157
6.7e-05
9.2e-05
0.000206
0.000231
0.000121
0.000173
0.000167
8.8e-05
0.000124
0.000138
-0.000135
-5.6e-05
-9.7e-05
-8.6e-05
9.1e-05
6.9e-05
0.000151
0.000142
-8e-06
7.3e-05
