188
0.000000
9.619342
0.000194
-0.000684
-0.000590
-0.000261
-0.000048
0.000392
0.000436
0.000071
-0.000086
-0.000184
0.000207
-0.000017
0.000090
-0.000062
-0.000122
0.000208
0.000756
0.001089
0.001249
0.000730
-0.002295
-0.005111
-0.006236
-0.014851
-0.030876
-0.037129
-0.023910
-0.009595
-0.001270
0.000245
-0.004213
-0.000738
0.001125
0.000735
-0.000227
-0.001336
-0.001647
-0.001832
-0.000908
0.001079
0.001285
0.001179
0.002214
0.006071
0.013094
0.015817
0.002061
-0.009317
-0.007791
-0.002839
-0.000008
-0.000241
-0.000449
-0.000095
-0.000672
0.000005
0.000175
-0.001037
-0.001891
-0.001988
-0.001512
-0.001446
-0.000764
0.000888
0.001999
0.001833
0.001437
0.001388
0.001240
0.000982
0.000675
0.000869
0.001370
0.001624
-0.000857
-0.001588
-0.001087
0.000452
0.000410
0.000220
0.000591
0.001215
-0.000054
-0.000915
-0.000345
0.000376
0.000851
0.000567
-0.000371
-0.000620
-0.000341
0.000455
0.001117
0.001070
0.000847
0.000502
-0.000621
-0.000531
-0.000155
0.000904
0.000428
-0.000310
-0.000690
-0.000555
-0.000398
-0.000466
-0.000441
-0.000225
0.000052
0.000232
0.000281
0.000273
0.000120
0.000006
0.000405
0.000397
0.000004
-0.000133
0.000098
0.000271
0.000153
0.000167
-0.000202
-0.000633
-0.000800
-0.000737
-0.000749
-0.000659
-0.000456
-0.000443
-0.000066
0.000509
0.000471
0.000003
-0.000248
-0.000244
-0.000201
-0.000010
0.000090
0.000181
0.000225
-0.000296
-0.000446
-0.000499
-0.000433
-0.000330
0.000383
0.000429
0.000172
0.000062
0.000184
0.000200
0.000003
-0.000057
0.000020
0.000106
0.000137
0.000128
0.000102
0.000075
0.000092
0.000169
0.000085
-0.000107
-0.000180
-0.000166
-0.000056
0.000082
0.000083
0.000113
0.000269
0.000179
0.000022
-0.000033
-0.000062
-0.000072
0.000084
0.000149
-0.000027
-0.000281
-0.000144
0.000004
-0.000038
0.000042
0.000016
-0.000004
0.000062
-0.000103
