200
1.026574
0.921812
0.867045
0.857746
0.834847
0.820501
0.819261
0.815046
0.818595
0.843967
0.923974
1.018482
1.098766
1.164000
1.260675
1.365588
1.466361
1.514020
1.544680
1.555627
1.550100
1.528264
1.521376
1.539104
1.546990
1.554733
1.539336
1.528449
1.537109
1.536922
1.560006
1.569028
1.578099
1.573907
1.561082
1.550092
1.495573
1.464896
1.439035
1.404515
1.328399
1.228972
1.189553
1.125396
1.100229
1.084254
1.091150
1.088456
1.066051
1.078837
1.111662
1.168175
1.222223
1.276572
1.339090
1.386442
1.456930
1.521144
1.605497
1.649097
1.686545
1.715661
1.729691
1.759883
1.759053
1.751646
1.764833
1.775333
1.785547
1.778081
1.773247
1.786584
1.780941
1.793698
1.800429
1.800047
1.797598
1.784393
1.785790
1.750229
1.718244
1.717424
1.688680
1.646764
1.535188
1.473057
1.438276
1.415108
1.430299
1.441727
1.453480
1.451871
1.469694
1.525328
1.576577
1.618250
1.666610
1.702032
1.741953
1.795346
1.851341
1.840188
1.834889
1.850620
1.863762
1.867839
1.846624
1.844045
1.842202
1.839714
1.848621
1.846268
1.848282
1.841346
1.842470
1.854270
1.847055
1.848404
1.852176
1.849038
1.827257
1.775130
1.741987
1.692245
1.645405
1.602196
1.545989
1.501688
1.473063
1.471748
1.478728
1.476657
1.484690
1.490888
1.500185
1.507020
1.533071
1.578537
1.591247
1.615269
1.666771
1.718475
1.737614
1.735055
1.776094
1.783801
1.815522
1.846189
1.866856
1.876682
1.864982
1.860948
1.856213
1.842984
1.848566
1.851778
1.854954
1.847610
1.842113
1.852200
1.845865
1.846675
1.847816
1.849600
1.839620
1.817958
1.823965
1.824073
1.809518
1.821590
1.824947
1.812481
1.782037
1.743345
1.742150
1.701159
1.681499
1.670538
1.665610
1.672752
1.662117
1.702406
1.709785
1.745309
1.790163
1.807045
1.818496
1.825565
1.860601
1.851217
1.850532
1.862039
1.860196
1.862462
1.850445
1.851893
1.846399
1.833488
1.839300
1.839397
