200
11.756500
11.708089
11.625641
11.552036
11.384507
11.217970
11.102407
11.101263
11.308979
11.479092
11.593053
11.668018
11.720641
11.746882
11.785936
11.809788
11.807432
11.805090
11.812638
11.828633
11.852881
11.887976
11.919944
11.925204
11.916222
11.916872
11.921650
11.927309
11.934320
11.944991
11.937496
11.922935
11.914471
11.906465
11.891352
11.872446
11.864806
11.843232
11.800420
11.766663
11.741077
11.719139
11.703166
11.695379
11.684126
11.647518
11.630945
11.627916
11.615821
11.627007
11.663230
11.672817
11.671103
11.681106
11.700874
11.709479
11.714573
11.740206
11.748766
11.746014
11.754736
11.761420
11.756815
11.763170
11.778511
11.799508
11.796070
11.783123
11.776485
11.778112
11.779863
11.774133
11.781754
11.773414
11.762502
11.754223
11.746080
11.734078
11.728339
11.727088
11.725509
11.707301
11.689587
11.689492
11.696326
11.700540
11.699086
11.709647
11.700964
11.687973
11.673526
11.673742
11.676401
11.681847
11.695147
11.700863
11.696122
11.695862
11.687329
11.678227
11.669639
11.691264
11.716657
11.712457
11.698904
11.697156
11.712424
11.720787
11.729586
11.738111
11.732799
11.725039
11.721399
11.721398
11.717081
11.712165
11.716331
11.709661
11.686665
11.672360
11.672318
11.669461
11.661427
11.659542
11.675861
11.672334
11.663542
11.657694
11.653849
11.644841
11.652265
11.667970
11.661927
11.647708
11.647514
11.639901
11.640008
11.645333
11.668822
11.672890
11.659806
11.647203
11.643931
11.648954
11.652950
11.655681
11.656295
11.647204
11.635563
11.623681
11.612120
11.609112
11.611190
11.622478
11.621028
11.607093
11.596058
11.594845
11.593006
11.594688
11.599647
11.602066
11.591603
11.583919
11.574660
11.563971
11.565998
11.571148
11.590704
11.591066
11.579733
11.577919
11.591373
11.599084
11.607455
11.628585
11.632230
11.625401
11.624270
11.621467
11.620607
11.612995
11.625238
11.628256
11.622449
11.621187
11.617371
11.614412
11.607883
11.610104
11.617510
11.614474
11.601213
11.591486
11.590143
11.600068
11.614282
11.631104
11.625441
11.616813
