 0.6890
 0.6882
 0.6874
 0.6867
 0.6861
 0.6850
 0.6850
 0.6836
 0.6837
 0.6836
 0.6836
 0.6837
 0.6840
 0.6841
 0.6839
 0.6834
 0.6832
 0.6829
 0.6835
 0.6834
 0.6829
 0.6826
 0.6827
 0.6827
 0.6820
 0.6819
 0.6819
 0.6825
 0.6822
 0.6829
 0.6829
 0.6833
 0.6836
 0.6844
 0.6854
 0.6860
 0.6869
 0.6879
 0.6893
 0.6895
 0.6901
 0.6917
 0.6926
 0.6942
 0.6952
 0.6973
 0.6984
 0.6992
 0.7005
 0.7021
 0.7038
 0.7048
 0.7053
 0.7061
 0.7067
 0.7075
 0.7081
 0.7086
 0.7090
 0.7096
 0.7100
 0.7104
 0.7106
 0.7108
 0.7109
 0.7109
 0.7111
 0.7116
 0.7119
 0.7118
 0.7123
 0.7118
 0.7119
 0.7123
 0.7128
 0.7131
 0.7135
 0.7137
 0.7135
 0.7140
 0.7140
 0.7144
 0.7142
 0.7144
 0.7148
 0.7149
 0.7148
 0.7150
 0.7149
 0.7149
 0.7149
 0.7150
 0.7151
 0.7155
 0.7159
 0.7160
 0.7160
 0.7160
 0.7161
 0.7162
 0.7164
 0.7164
 0.7163
 0.7161
 0.7162
 0.7161
 0.7163
 0.7162
 0.7161
 0.7160
 0.7160
 0.7162
 0.7162
 0.7164
 0.7162
 0.7161
 0.7159
 0.7161
 0.7165
 0.7166
 0.7165
 0.7165
 0.7167
 0.7166
 0.7168
 0.7168
 0.7166
 0.7165
 0.7164
 0.7162
 0.7163
 0.7165
 0.7163
 0.7166
 0.7165
 0.7165
 0.7165
 0.7166
 0.7167
 0.7165
 0.7166
 0.7163
 0.7161
 0.7160
 0.7156
 0.7153
 0.7150
 0.7145
 0.7140
 0.7138
 0.7133
 0.7125
 0.7119
 0.7116
 0.7108
 0.7103
 0.7093
 0.7088
 0.7081
 0.7077
 0.7073
 0.7067
 0.7061
 0.7052
 0.7048
 0.7042
 0.7032
 0.7022
 0.7018
 0.7007
 0.7002
 0.6999
 0.6990
 0.6987
 0.6979
 0.6974
 0.6973
 0.6969
 0.6964
 0.6962
 0.6956
 0.6946
 0.6945
 0.6938
 0.6931
 0.6932
 0.6928
 0.6920
 0.6915
 0.6913
 0.6906
 0.6900
 0.6895
 0.6890
 0.6890
 0.6887
 0.6887
 0.6883
 0.6882
 0.6879
 0.6877
 0.6878
 0.6878
 0.6881
 0.6887
 0.6887
 0.6893
 0.6895
 0.6895
 0.6899
 0.6900
 0.6903
 0.6911
 0.6914
 0.6912
 0.6918
 0.6923
 0.6923
 0.6932
 0.6939
 0.6943
 0.6946
 0.6950
 0.6955
 0.6955
 0.6963
 0.6963
 0.6965
 0.6969
 0.6971
 0.6974
 0.6978
 0.6980
 0.6984
 0.6988
 0.6996
 0.6994
 0.7001
 0.7004
 0.7010
 0.7014
 0.7019
 0.7024
 0.7028
 0.7031
 0.7034
 0.7038
 0.7047
 0.7050
 0.7056
 0.7060
 0.7065
 0.7068
 0.7076
 0.7079
 0.7084
 0.7086
 0.7090
 0.7093
 0.7096
 0.7099
 0.7102
 0.7103
 0.7108
 0.7112
 0.7116
 0.7121
 0.7123
 0.7124
 0.7124
 0.7128
 0.7130
 0.7132
 0.7134
 0.7135
 0.7136
 0.7137
 0.7138
 0.7139
 0.7141
 0.7142
 0.7141
 0.7142
 0.7143
 0.7145
 0.7145
 0.7147
 0.7146
 0.7149
 0.7152
 0.7154
 0.7153
 0.7154
 0.7153
 0.7154
 0.7156
 0.7155
 0.7154
 0.7155
 0.7152
 0.7152
 0.7152
 0.7153
 0.7152
 0.7152
 0.7153
 0.7153
 0.7154
 0.7153
 0.7152
 0.7152
 0.7153
 0.7155
 0.7156
 0.7160
 0.7158
 0.7159
 0.7159
 0.7162
 0.7161
 0.7162
 0.7161
 0.7162
 0.7160
 0.7160
 0.7160
 0.7157
 0.7159
 0.7159
 0.7160
 0.7162
 0.7160
 0.7159
 0.7161
 0.7160
 0.7161
 0.7164
 0.7165
 0.7168
 0.7168
 0.7167
 0.7167
 0.7168
 0.7167
 0.7167
 0.7166
 0.7165
 0.7164
 0.7165
 0.7162
 0.7160
 0.7154
 0.7146
 0.7138
 0.7126
 0.7115
 0.7103
 0.7094
 0.7087
 0.7081
 0.7078
 0.7071
 0.7063
 0.7058
 0.7051
 0.7042
 0.7034
 0.7028
 0.7025
 0.7016
 0.7013
 0.7004
 0.6996
 0.6990
 0.6981
 0.6980
 0.6980
 0.6975
 0.6978
 0.6971
 0.6970
 0.6968
 0.6965
 0.6964
 0.6960
 0.6962
 0.6960
 0.6964
 0.6958
 0.6956
 0.6957
 0.6953
 0.6950
 0.6952
 0.6950
 0.6950
 0.6950
 0.6946
 0.6947
 0.6948
 0.6951
 0.6954
 0.6956
 0.6956
 0.6957
 0.6954
 0.6954
 0.6955
 0.6953
 0.6954
 0.6959
 0.6960
 0.6961
 0.6964
 0.6967
 0.6971
 0.6972
 0.6973
 0.6978
 0.6976
 0.6981
 0.6986
 0.6992
 0.6993
 0.6998
 0.7007
 0.7010
 0.7018
 0.7021
 0.7024
 0.7026
 0.7032
 0.7040
 0.7043
 0.7049
 0.7051
 0.7052
 0.7055
 0.7061
 0.7067
 0.7074
 0.7077
 0.7081
 0.7088
 0.7091
 0.7095
 0.7099
 0.7102
 0.7105
 0.7106
 0.7109
 0.7111
 0.7114
 0.7115
 0.7117
 0.7120
 0.7125
 0.7129
 0.7133
 0.7136
 0.7138
 0.7139
 0.7141
 0.7143
 0.7145
 0.7148
 0.7147
 0.7149
 0.7152
 0.7152
 0.7154
 0.7154
 0.7157
 0.7157
 0.7157
 0.7158
 0.7157
 0.7157
 0.7158
 0.7160
 0.7162
 0.7165
 0.7167
 0.7169
 0.7170
 0.7168
 0.7170
 0.7171
 0.7171
 0.7170
 0.7169
 0.7169
 0.7168
 0.7169
 0.7169
 0.7171
 0.7172
 0.7170
 0.7171
 0.7170
 0.7171
 0.7171
 0.7171
 0.7171
 0.7171
 0.7174
 0.7174
 0.7176
 0.7180
 0.7177
 0.7178
 0.7177
 0.7179
 0.7178
 0.7177
 0.7176
 0.7172
 0.7168
 0.7164
 0.7159
 0.7151
 0.7147
 0.7139
 0.7132
 0.7126
 0.7117
 0.7111
 0.7103
 0.7096
 0.7092
 0.7088
 0.7082
 0.7077
 0.7068
 0.7061
 0.7055
 0.7053
 0.7050
 0.7044
 0.7041
 0.7037
 0.7032
 0.7030
 0.7027
 0.7020
 0.7016
 0.7010
 0.7010
 0.7006
 0.7001
 0.7004
 0.7005
 0.7001
 0.7004
 0.7005
 0.7006
 0.7001
 0.7002
 0.7003
 0.7004
 0.7002
 0.7007
 0.7003
 0.7002
 0.7002
 0.7000
 0.6997
 0.6997
 0.7001
 0.7004
 0.7002
 0.7003
 0.7005
 0.7008
 0.7010
 0.7012
 0.7015
 0.7016
 0.7017
 0.7020
 0.7019
 0.7022
 0.7024
 0.7027
 0.7029
 0.7035
 0.7040
 0.7041
 0.7047
 0.7048
 0.7049
 0.7056
 0.7056
 0.7059
 0.7066
 0.7071
 0.7076
 0.7077
 0.7081
 0.7086
 0.7090
 0.7094
 0.7098
 0.7104
 0.7110
 0.7115
 0.7120
 0.7125
 0.7131
 0.7131
 0.7137
 0.7141
 0.7146
 0.7148
 0.7150
 0.7156
 0.7159
 0.7163
 0.7166
 0.7167
 0.7169
 0.7169
 0.7171
 0.7173
 0.7173
 0.7173
 0.7175
 0.7176
 0.7178
 0.7182
 0.7185
 0.7185
 0.7189
 0.7189
 0.7189
 0.7189
 0.7191
 0.7191
 0.7190
 0.7191
 0.7190
 0.7190
 0.7190
 0.7191
 0.7191
 0.7191
 0.7191
 0.7193
 0.7194
 0.7194
 0.7193
 0.7192
 0.7193
 0.7194
 0.7196
 0.7194
 0.7196
 0.7197
 0.7194
 0.7196
 0.7197
 0.7197
 0.7195
 0.7194
 0.7192
 0.7192
 0.7188
 0.7185
 0.7182
 0.7179
 0.7177
 0.7174
 0.7170
 0.7168
 0.7164
 0.7159
 0.7156
 0.7153
 0.7153
 0.7149
 0.7147
 0.7142
 0.7140
 0.7136
 0.7130
 0.7124
 0.7121
 0.7114
 0.7109
 0.7103
 0.7095
 0.7091
 0.7088
 0.7085
 0.7082
 0.7078
 0.7075
 0.7072
 0.7067
 0.7065
 0.7060
 0.7058
 0.7057
 0.7055
 0.7051
 0.7047
 0.7044
 0.7041
 0.7039
 0.7033
 0.7036
 0.7032
 0.7027
 0.7025
 0.7020
 0.7016
 0.7007
 0.7013
 0.7011
 0.7012
 0.7013
 0.7012
 0.7015
 0.7015
 0.7017
 0.7018
 0.7024
 0.7030
 0.7027
 0.7027
 0.7028
 0.7033
 0.7033
 0.7039
 0.7042
 0.7043
 0.7043
 0.7049
 0.7051
 0.7054
 0.7057
 0.7058
 0.7060
 0.7067
 0.7070
 0.7072
 0.7078
 0.7083
 0.7090
 0.7094
 0.7101
 0.7111
 0.7117
 0.7124
 0.7130
 0.7134
 0.7136
 0.7140
 0.7148
 0.7151
 0.7154
 0.7158
 0.7163
 0.7168
 0.7170
 0.7170
 0.7171
 0.7175
 0.7178
 0.7180
 0.7183
 0.7184
 0.7184
 0.7187
 0.7193
 0.7195
 0.7197
 0.7199
 0.7198
 0.7197
 0.7198
 0.7199
 0.7201
 0.7201
 0.7202
 0.7202
 0.7202
 0.7203
 0.7203
 0.7204
 0.7205
 0.7204
 0.7204
 0.7205
 0.7204
 0.7203
 0.7202
 0.7204
 0.7204
 0.7207
 0.7206
 0.7205
 0.7206
 0.7204
 0.7206
 0.7207
 0.7203
 0.7203
 0.7205
 0.7205
 0.7206
 0.7206
 0.7205
 0.7204
 0.7205
 0.7205
 0.7206
 0.7205
 0.7205
 0.7205
 0.7203
 0.7206
 0.7207
 0.7208
 0.7209
 0.7208
 0.7208
 0.7209
 0.7208
 0.7208
 0.7207
 0.7206
 0.7205
 0.7206
 0.7203
 0.7202
 0.7201
 0.7202
 0.7201
 0.7198
 0.7195
 0.7193
 0.7188
 0.7184
 0.7181
 0.7176
 0.7170
 0.7165
 0.7158
 0.7153
 0.7147
 0.7139
 0.7134
 0.7130
 0.7126
 0.7121
 0.7118
 0.7111
 0.7104
 0.7100
 0.7097
 0.7094
 0.7090
 0.7086
 0.7081
 0.7080
 0.7075
 0.7074
 0.7072
 0.7071
 0.7070
 0.7064
 0.7061
 0.7058
 0.7056
 0.7053
 0.7054
 0.7053
 0.7051
 0.7050
 0.7047
 0.7043
 0.7041
 0.7040
 0.7040
 0.7035
 0.7037
 0.7035
 0.7037
 0.7035
 0.7037
 0.7036
 0.7038
 0.7038
 0.7032
 0.7033
 0.7033
 0.7029
 0.7028
 0.7026
 0.7024
 0.7023
 0.7022
 0.7017
 0.7016
 0.7018
 0.7014
 0.7016
 0.7015
 0.7021
 0.7021
 0.7021
 0.7024
 0.7028
 0.7025
 0.7031
 0.7029
 0.7028
 0.7030
 0.7032
 0.7029
 0.7030
 0.7034
 0.7034
 0.7036
 0.7036
 0.7033
 0.7035
 0.7034
 0.7042
 0.7045
 0.7050
 0.7051
 0.7055
 0.7059
 0.7062
 0.7066
 0.7068
 0.7075
 0.7080
 0.7081
 0.7090
 0.7097
 0.7098
 0.7097
 0.7104
 0.7110
 0.7113
 0.7113
 0.7119
 0.7119
 0.7121
 0.7127
 0.7133
 0.7138
 0.7144
 0.7148
 0.7156
 0.7157
 0.7162
 0.7164
 0.7170
 0.7173
 0.7181
 0.7185
 0.7189
 0.7193
 0.7192
 0.7196
 0.7201
 0.7207
 0.7211
 0.7216
 0.7220
 0.7222
 0.7225
 0.7227
 0.7233
 0.7236
 0.7236
 0.7237
 0.7238
 0.7239
 0.7237
 0.7239
 0.7241
 0.7242
 0.7237
 0.7236
 0.7234
 0.7234
 0.7235
 0.7235
 0.7235
 0.7234
 0.7232
 0.7234
 0.7234
 0.7235
 0.7234
 0.7232
 0.7233
 0.7234
 0.7235
 0.7235
 0.7232
 0.7235
 0.7234
 0.7237
 0.7236
 0.7238
 0.7231
 0.7229
 0.7227
 0.7230
 0.7233
 0.7230
 0.7230
 0.7228
 0.7223
 0.7228
 0.7229
 0.7227
 0.7226
 0.7226
 0.7227
 0.7224
 0.7225
 0.7225
 0.7225
 0.7223
 0.7224
 0.7227
 0.7229
 0.7229
 0.7226
 0.7221
 0.7216
 0.7206
 0.7199
 0.7189
 0.7182
 0.7172
 0.7161
 0.7152
 0.7140
 0.7131
 0.7120
 0.7113
 0.7107
 0.7099
 0.7089
 0.7083
 0.7074
 0.7065
 0.7057
 0.7047
 0.7044
 0.7044
 0.7040
 0.7038
 0.7037
 0.7034
 0.7029
 0.7032
 0.7030
 0.7036
 0.7045
 0.7054
 0.7065
 0.7071
 0.7083
 0.7099
 0.7109
 0.7122
 0.7136
 0.7148
 0.7157
 0.7167
 0.7178
 0.7186
 0.7198
 0.7208
 0.7217
 0.7222
 0.7228
 0.7231
 0.7238
 0.7241
 0.7245
 0.7246
 0.7249
 0.7245
 0.7245
 0.7243
 0.7241
 0.7240
 0.7237
 0.7237
 0.7238
 0.7237
 0.7233
 0.7232
 0.7231
 0.7229
 0.7226
 0.7224
 0.7223
 0.7221
 0.7216
 0.7214
 0.7209
 0.7206
 0.7199
 0.7193
 0.7185
 0.7174
 0.7162
 0.7149
 0.7137
 0.7127
 0.7114
 0.7102
 0.7090
 0.7076
 0.7065
 0.7059
 0.7052
 0.7051
 0.7047
 0.7041
 0.7030
 0.7022
 0.7012
 0.7005
 0.7004
 0.7000
 0.7000
 0.7002
 0.7001
 0.7006
 0.7007
 0.7010
 0.7018
 0.7023
 0.7026
 0.7033
 0.7043
 0.7048
 0.7064
 0.7077
 0.7093
 0.7107
 0.7118
 0.7127
 0.7135
 0.7143
 0.7152
 0.7160
 0.7172
 0.7179
 0.7187
 0.7194
 0.7200
 0.7208
 0.7214
 0.7217
 0.7223
 0.7227
 0.7231
 0.7235
 0.7238
 0.7241
 0.7247
 0.7256
 0.7264
 0.7263
 0.7261
 0.7258
 0.7254
 0.7252
 0.7253
 0.7253
 0.7251
 0.7252
 0.7247
 0.7245
 0.7243
 0.7241
 0.7232
 0.7225
 0.7221
 0.7216
 0.7208
 0.7202
 0.7192
 0.7184
 0.7170
 0.7160
 0.7149
 0.7137
 0.7127
 0.7114
 0.7101
 0.7088
 0.7079
 0.7071
 0.7061
 0.7051
 0.7045
 0.7040
 0.7034
 0.7027
 0.7019
 0.7014
 0.7009
 0.7006
 0.7005
 0.7005
 0.7001
 0.6999
 0.7000
 0.7010
 0.7010
 0.7013
 0.7015
 0.7017
 0.7022
 0.7030
 0.7033
 0.7041
 0.7051
 0.7062
 0.7071
 0.7082
 0.7091
 0.7100
 0.7108
 0.7117
 0.7127
 0.7136
 0.7147
 0.7153
 0.7163
 0.7175
 0.7185
 0.7196
 0.7203
 0.7208
 0.7212
 0.7218
 0.7223
 0.7230
 0.7237
 0.7243
 0.7247
 0.7252
 0.7258
 0.7259
 0.7259
 0.7262
 0.7262
 0.7265
 0.7262
 0.7263
 0.7263
 0.7259
 0.7259
 0.7249
 0.7245
 0.7233
 0.7227
 0.7224
 0.7226
 0.7222
 0.7220
 0.7220
 0.7222
 0.7227
 0.7228
 0.7227
 0.7230
 0.7231
 0.7229
 0.7225
 0.7219
 0.7208
 0.7199
 0.7191
 0.7187
 0.7181
 0.7176
 0.7167
 0.7153
 0.7136
 0.7120
 0.7109
 0.7102
 0.7097
 0.7089
 0.7081
 0.7074
 0.7067
 0.7062
 0.7059
 0.7050
 0.7054
 0.7056
 0.7057
 0.7069
 0.7079
 0.7095
 0.7108
 0.7118
 0.7127
 0.7131
 0.7141
 0.7146
 0.7157
 0.7169
 0.7187
 0.7196
 0.7209
 0.7220
 0.7228
 0.7237
 0.7245
 0.7252
 0.7258
 0.7266
 0.7271
 0.7273
 0.7278
 0.7280
 0.7289
 0.7295
 0.7298
 0.7291
 0.7289
 0.7276
 0.7273
 0.7266
 0.7253
 0.7241
 0.7225
 0.7216
 0.7203
 0.7198
 0.7194
 0.7187
 0.7183
 0.7177
 0.7177
 0.7178
 0.7179
 0.7188
 0.7199
 0.7208
 0.7218
 0.7227
 0.7228
 0.7228
 0.7227
 0.7234
 0.7230
 0.7228
 0.7225
 0.7214
 0.7208
 0.7198
 0.7189
 0.7180
 0.7173
 0.7164
 0.7156
 0.7143
 0.7126
 0.7116
 0.7107
 0.7100
 0.7094
 0.7089
 0.7083
 0.7075
 0.7070
 0.7066
 0.7062
 0.7064
 0.7059
 0.7058
 0.7059
 0.7063
 0.7069
 0.7076
 0.7088
 0.7097
 0.7108
 0.7113
 0.7121
 0.7122
 0.7135
 0.7148
 0.7162
 0.7174
 0.7182
 0.7190
 0.7197
 0.7201
 0.7208
 0.7216
 0.7226
 0.7233
 0.7238
 0.7246
 0.7253
 0.7262
 0.7270
 0.7277
 0.7282
 0.7293
 0.7299
 0.7305
 0.7312
 0.7319
 0.7327
 0.7332
 0.7335
 0.7334
 0.7323
 0.7307
 0.7302
 0.7303
 0.7298
 0.7297
 0.7292
 0.7285
 0.7285
 0.7281
 0.7278
 0.7274
 0.7275
 0.7268
 0.7267
 0.7268
 0.7271
 0.7270
 0.7262
 0.7256
 0.7256
 0.7248
 0.7235
 0.7222
 0.7201
 0.7187
 0.7173
 0.7158
 0.7147
 0.7139
 0.7127
 0.7112
 0.7101
 0.7092
 0.7077
 0.7070
 0.7065
 0.7060
 0.7058
 0.7059
 0.7066
 0.7078
 0.7097
 0.7114
 0.7131
 0.7144
 0.7151
 0.7155
 0.7162
 0.7176
 0.7197
 0.7214
 0.7230
 0.7242
 0.7253
 0.7261
 0.7270
 0.7281
 0.7292
 0.7304
 0.7314
 0.7322
 0.7331
 0.7336
 0.7354
 0.7370
 0.7385
 0.7393
 0.7389
 0.7382
 0.7370
 0.7362
 0.7365
 0.7373
 0.7386
 0.7401
 0.7421
 0.7432
 0.7437
 0.7434
 0.7420
 0.7392
 0.7363
 0.7346
 0.7330
 0.7314
 0.7296
 0.7285
 0.7275
 0.7268
 0.7262
 0.7245
 0.7222
 0.7198
 0.7172
 0.7150
 0.7138
 0.7125
 0.7109
 0.7096
 0.7078
 0.7062
 0.7052
 0.7046
 0.7038
 0.7031
 0.7026
 0.7024
 0.7038
 0.7053
 0.7073
 0.7097
 0.7121
 0.7141
 0.7161
 0.7173
 0.7187
 0.7197
 0.7210
 0.7230
 0.7250
 0.7264
 0.7276
 0.7287
 0.7297
 0.7308
 0.7318
 0.7328
 0.7339
 0.7349
 0.7360
 0.7371
 0.7378
 0.7383
 0.7392
 0.7403
 0.7420
 0.7425
 0.7422
 0.7414
 0.7403
 0.7394
 0.7399
 0.7400
 0.7403
 0.7402
 0.7392
 0.7381
 0.7373
 0.7364
 0.7355
 0.7346
 0.7328
 0.7314
 0.7302
 0.7292
 0.7283
 0.7269
 0.7258
 0.7242
 0.7232
 0.7217
 0.7203
 0.7187
 0.7172
 0.7155
 0.7138
 0.7124
 0.7111
 0.7094
 0.7083
 0.7068
 0.7063
 0.7053
 0.7045
 0.7040
 0.7032
 0.7025
 0.7023
 0.7027
 0.7042
 0.7058
 0.7074
 0.7094
 0.7115
 0.7130
 0.7142
 0.7153
 0.7169
 0.7175
 0.7188
 0.7203
 0.7212
 0.7221
 0.7232
 0.7242
 0.7251
 0.7258
 0.7264
 0.7271
