361.4224
 0.2801
 1.2361
 3.0311
 1.1937
 0.8988
 0.8608
 0.6737
 0.2803
 0.3686
 0.2974
 0.1476
 0.0229
 0.2008
 0.1838
 0.1512
 0.2105
 0.1830
 0.1384
 0.1576
 0.1338
 0.1092
 0.1224
 0.1010
 0.1230
 0.1217
 0.1073
 0.0935
 0.0837
 0.0949
 0.0788
 0.0663
 0.0775
 0.0729
 0.0639
 0.0564
 0.0740
 0.0558
 0.0637
 0.0720
 0.0682
 0.0531
 0.0587
 0.0598
 0.0487
 0.0502
 0.0503
 0.0403
 0.0533
 0.0517
 0.0386
 0.0460
 0.0470
 0.0404
 0.0422
 0.0410
 0.0396
 0.0395
 0.0401
 0.0463
 0.0316
 0.0322
 0.0428
 0.0425
 0.0349
 0.0440
 0.0399
 0.0436
 0.0375
 0.0374
 0.0322
 0.0364
 0.0349
 0.0325
 0.0354
 0.0310
 0.0360
 0.0304
 0.0283
 0.0334
 0.0386
 0.0311
 0.0246
 0.0182
 0.0251
 0.0269
 0.0336
 0.0236
 0.0354
 0.0274
 0.0227
 0.0247
 0.0232
 0.0248
 0.0245
 0.0262
 0.0241
 0.0224
 0.0299
 0.0286
 0.0256
 0.0261
 0.0268
 0.0216
 0.0250
 0.0236
 0.0241
 0.0277
 0.0251
 0.0232
 0.0203
 0.0222
 0.0206
 0.0192
 0.0171
 0.0229
 0.0198
 0.0203
 0.0214
 0.0211
 0.0218
 0.0182
 0.0190
 0.0199
 0.0182
 0.0190
 0.0190
 0.0193
 0.0241
 0.0233
 0.0238
 0.0200
 0.0251
 0.0218
 0.0171
 0.0154
 0.0184
 0.0179
 0.0154
 0.0196
 0.0155
 0.0167
 0.0206
 0.0215
 0.0220
 0.0203
 0.0167
 0.0162
 0.0187
 0.0205
 0.0195
 0.0202
 0.0152
 0.0188
 0.0181
 0.0169
 0.0214
 0.0173
 0.0178
 0.0181
 0.0160
 0.0172
 0.0162
 0.0161
 0.0148
 0.0159
 0.0158
 0.0224
 0.0147
 0.0142
 0.0212
 0.0136
 0.0158
 0.0199
 0.0148
 0.0156
 0.0137
 0.0126
 0.0188
 0.0180
 0.0129
 0.0152
 0.0187
 0.0133
 0.0149
 0.0165
 0.0142
 0.0203
 0.0158
 0.0131
 0.0165
 0.0132
 0.0151
 0.0143
 0.0150
 0.0145
 0.0158
 0.0174
 0.0147
 0.0150
 0.0171
 0.0154
 0.0143
 0.0157
 0.0181
 0.0151
 0.0144
 0.0162
 0.0190
 0.0164
 0.0175
 0.0166
 0.0150
 0.0143
 0.0125
 0.0176
 0.0127
 0.0163
 0.0146
 0.0166
 0.0179
 0.0169
 0.0128
 0.0171
 0.0167
 0.0140
 0.0157
 0.0113
 0.0122
 0.0132
 0.0144
 0.0146
 0.0168
 0.0150
 0.0145
 0.0126
 0.0186
 0.0152
 0.0147
 0.0173
 0.0136
 0.0106
 0.0135
 0.0152
 0.0152
 0.0133
 0.0121
 0.0127
 0.0121
 0.0113
 0.0133
 0.0097
 0.0150
 0.0109
 0.0148
 0.0134
 0.0134
