368.0712
 1.3480
 0.8541
 0.2015
 0.8046
 0.8980
 1.7361
 1.8027
 1.5772
 0.8970
 0.2876
 0.2334
 0.5801
 0.1091
 0.5030
 0.1640
 0.2265
 0.0573
 0.2087
 0.1574
 0.1372
 0.0840
 0.2081
 0.0313
 0.0859
 0.0587
 0.0360
 0.0384
 0.1003
 0.0994
 0.0697
 0.0345
 0.0535
 0.0567
 0.0794
 0.0259
 0.0123
 0.0622
 0.0671
 0.0569
 0.0261
 0.0264
 0.0848
 0.1029
 0.0537
 0.0790
 0.0405
 0.0403
 0.0428
 0.0447
 0.0163
 0.0371
 0.0307
 0.0324
 0.0395
 0.0129
 0.0354
 0.0238
 0.0250
 0.0091
 0.0152
 0.0210
 0.0325
 0.0152
 0.0139
 0.0241
 0.0404
 0.0389
 0.0205
 0.0146
 0.0288
 0.0114
 0.0174
 0.0215
 0.0166
 0.0193
 0.0241
 0.0262
 0.0153
 0.0027
 0.0070
 0.0147
 0.0130
 0.0185
 0.0088
 0.0144
 0.0115
 0.0217
 0.0312
 0.0174
 0.0095
 0.0154
 0.0121
 0.0096
 0.0110
 0.0125
 0.0171
 0.0145
 0.0099
 0.0079
 0.0073
 0.0127
 0.0144
 0.0115
 0.0148
 0.0098
 0.0105
 0.0186
 0.0075
 0.0134
 0.0083
 0.0097
 0.0115
 0.0119
 0.0085
 0.0050
 0.0124
 0.0107
 0.0135
 0.0135
 0.0056
 0.0122
 0.0164
 0.0066
 0.0109
 0.0115
 0.0083
 0.0120
 0.0131
 0.0122
 0.0115
 0.0098
 0.0084
 0.0109
 0.0114
 0.0082
 0.0115
 0.0081
 0.0116
 0.0079
 0.0086
 0.0105
 0.0101
 0.0083
 0.0111
 0.0079
 0.0121
 0.0090
 0.0064
 0.0080
 0.0061
 0.0080
 0.0145
 0.0083
 0.0052
 0.0083
 0.0105
 0.0117
 0.0107
 0.0088
 0.0073
 0.0080
 0.0072
 0.0097
 0.0111
 0.0045
 0.0111
 0.0045
 0.0112
 0.0101
 0.0075
 0.0045
 0.0103
 0.0056
 0.0079
 0.0130
 0.0099
 0.0077
 0.0070
 0.0079
 0.0075
 0.0128
 0.0065
 0.0094
 0.0102
 0.0051
 0.0064
 0.0064
 0.0062
 0.0090
 0.0052
 0.0080
 0.0066
 0.0081
 0.0055
 0.0015
 0.0111
 0.0067
 0.0088
 0.0053
 0.0063
 0.0069
 0.0060
 0.0086
 0.0053
 0.0063
 0.0098
 0.0061
 0.0057
 0.0123
 0.0054
 0.0065
 0.0053
 0.0086
 0.0083
 0.0071
 0.0073
 0.0075
 0.0142
 0.0072
 0.0068
 0.0095
 0.0080
 0.0091
 0.0051
 0.0046
 0.0069
 0.0060
 0.0092
 0.0031
 0.0090
 0.0050
 0.0081
 0.0072
 0.0078
 0.0080
 0.0057
 0.0064
 0.0048
 0.0091
 0.0049
 0.0079
 0.0064
 0.0072
 0.0081
 0.0052
 0.0050
 0.0068
 0.0057
 0.0090
 0.0039
 0.0100
 0.0101
 0.0065
 0.0079
 0.0083
 0.0130
