    0.0
    0.0
    0.0
    0.0
    0.0
    0.0
    0.0
    0.0
    0.0
    0.0
    0.0
    0.0
    0.0
    0.0
    0.0
    0.0
    0.0
    0.0
    0.0
    0.0
    0.0
    0.0
    0.0
    0.0
    0.0
    0.0
    0.0
    0.0
    0.0
    0.0
    0.0
    0.0
    0.0
    0.0
    0.0
    0.0
    0.0
    0.0
    0.0
    0.0
    0.0
    0.0
    0.0
    0.0
    0.0
    0.0
    0.0
    0.0
    0.0
    0.0
    0.0
    0.0
    0.0
    0.0
    0.0
    0.0
    0.0
    0.0
    0.0
    0.0
    0.0
    0.0
    0.0
    0.0
  -33.0
  -32.8
  -32.6
  -32.5
  -32.2
  -31.9
  -31.6
  -31.4
  -31.0
  -30.6
  -30.3
  -30.2
  -30.1
  -30.0
  -30.0
  -31.0
  -31.0
  -30.9
  -31.0
  -31.1
  -31.3
  -31.3
  -31.3
  -31.1
  -30.7
  -30.5
  -30.3
  -30.0
  -29.8
  -29.6
  -29.5
  -29.3
  -29.3
  -29.3
  -29.3
  -29.4
  -29.2
  -29.0
  -28.8
  -28.7
  -28.5
  -28.4
  -28.5
  -28.6
  -28.6
  -28.7
  -28.8
  -28.9
  -28.9
  -28.8
  -28.7
  -28.6
  -28.4
  -28.3
  -28.1
  -28.0
  -28.0
  -28.2
  -28.6
  -29.0
  -29.6
  -30.1
  -30.7
  -31.3
  -31.6
  -31.0
  -31.2
  -31.6
  -31.9
    0.0
    0.0
    0.0
    0.0
    0.0
    0.0
    0.0
    0.0
    0.0
    0.0
    0.0
    0.0
    0.0
    0.0
    0.0
    0.0
    0.0
    0.0
    0.0
    0.0
    0.0
    0.0
    0.0
    0.0
    0.0
    0.0
    0.0
    0.0
    0.0
    0.0
    0.0
    0.0
    0.0
    0.0
    0.0
    0.0
    0.0
    0.0
    0.0
    0.0
    0.0
    0.0
    0.0
    0.0
    0.0
    0.0
    0.0
    0.0
    0.0
    0.0
    0.0
  -32.7
  -32.5
  -32.4
  -32.4
  -32.5
  -32.5
  -32.5
  -32.6
  -32.6
  -32.6
  -32.5
  -32.4
  -32.3
  -32.2
  -31.9
  -31.7
  -31.5
  -31.4
  -31.2
  -30.9
  -30.7
  -30.5
  -30.3
  -30.0
  -29.8
  -29.5
  -29.4
  -29.3
  -29.1
  -28.8
  -28.7
  -28.6
  -28.5
  -28.4
  -28.3
  -28.3
  -28.2
  -28.1
  -28.0
  -27.8
  -27.6
  -27.4
  -27.2
  -26.8
  -26.5
  -26.2
  -26.0
  -25.7
  -25.5
  -25.3
  -25.1
  -24.9
  -24.7
  -24.5
  -24.3
  -24.2
  -24.1
  -24.1
  -24.0
  -24.0
  -24.0
  -24.0
  -23.9
  -23.9
  -23.9
  -23.9
  -23.9
  -23.8
  -23.8
  -23.7
  -23.6
  -23.5
  -23.5
  -23.5
  -23.4
  -23.4
  -23.3
  -23.3
  -23.3
  -23.3
  -23.2
  -23.2
  -23.2
  -23.2
  -23.1
  -23.2
  -23.1
  -23.1
  -23.2
  -23.2
  -23.2
  -23.2
  -23.2
  -23.2
  -23.2
  -23.2
  -23.2
  -23.2
  -23.2
  -23.1
  -23.1
  -23.1
  -23.1
  -23.1
  -23.1
  -23.1
  -23.1
  -23.1
  -23.2
  -23.2
  -23.3
  -23.5
  -23.7
  -23.9
  -24.1
  -24.3
  -24.6
  -24.9
  -25.2
  -25.6
  -25.9
  -26.2
  -26.5
  -26.9
  -27.2
  -27.4
  -27.7
  -27.8
  -28.0
  -28.1
  -28.2
  -28.3
  -28.4
  -28.6
  -28.7
  -28.7
  -28.6
  -28.6
  -28.6
  -28.6
  -28.9
  -28.9
  -28.9
  -28.9
  -28.9
  -28.9
  -28.9
  -29.0
  -29.0
  -29.0
  -29.1
  -29.1
  -29.1
  -29.0
  -29.0
  -29.0
  -29.0
  -29.0
  -28.9
  -28.9
  -28.9
  -28.8
  -28.6
  -27.9
  -27.7
  -27.2
  -26.8
  -26.4
  -26.0
  -25.7
  -25.5
  -25.3
  -25.1
  -24.8
  -24.6
  -24.4
  -24.1
  -23.9
  -23.6
  -23.5
  -23.3
  -23.2
  -23.1
  -23.0
  -23.0
  -23.3
  -23.2
  -23.2
  -23.1
  -23.1
  -23.1
  -23.0
  -23.0
  -23.0
  -23.0
  -23.0
  -22.9
  -22.9
  -23.0
  -23.0
  -23.1
  -23.1
  -23.0
  -23.1
  -23.1
  -23.1
  -23.1
  -23.1
  -23.1
  -23.1
  -23.1
  -23.1
  -23.1
  -23.2
  -23.2
  -23.1
  -23.1
  -23.1
  -23.1
  -23.2
  -23.2
  -23.2
  -23.3
  -23.3
  -23.3
  -23.3
  -23.3
  -23.3
  -23.3
  -23.2
  -23.2
  -23.2
  -23.2
  -23.2
  -23.2
  -23.2
  -23.1
  -23.1
  -23.1
  -23.0
  -23.0
  -23.0
  -22.9
  -22.9
  -22.9
  -22.9
  -23.0
  -23.1
  -23.2
  -23.3
  -23.5
  -23.6
  -23.8
  -24.0
  -24.2
  -24.4
  -24.7
  -24.8
  -25.0
  -25.1
  -25.3
  -25.4
  -25.6
  -25.9
  -26.0
  -26.2
  -26.4
  -26.5
  -26.7
  -26.9
  -27.0
  -26.9
  -26.8
  -26.7
  -26.7
  -26.7
  -26.7
  -26.8
  -27.0
  -27.2
  -27.5
  -27.1
  -27.4
  -27.6
  -27.9
  -28.6
  -28.6
  -28.7
  -28.7
  -28.7
  -28.6
  -27.7
  -27.4
  -27.0
  -26.7
  -26.2
  -25.8
  -25.2
  -24.7
  -24.2
  -23.8
  -23.8
  -23.6
  -23.4
  -23.2
  -23.1
  -23.0
  -22.8
  -22.8
  -22.8
  -22.7
  -22.7
  -22.7
  -22.7
  -22.7
  -22.7
  -22.7
  -22.6
  -22.6
  -22.6
  -22.6
  -22.6
  -22.6
  -22.6
  -22.6
  -22.6
  -22.6
  -22.6
  -22.6
  -22.7
  -22.7
  -22.8
  -22.8
  -22.8
  -22.8
  -22.9
  -23.0
  -23.0
  -23.0
  -23.0
  -23.0
  -23.0
  -23.0
  -23.0
  -23.0
  -23.0
  -23.0
  -23.0
  -23.0
  -23.0
  -23.0
  -23.0
  -23.0
  -23.0
  -22.9
  -22.9
  -23.0
  -23.0
  -23.0
  -23.1
  -23.1
  -23.1
  -23.1
  -23.1
  -23.1
  -23.1
  -23.1
  -23.0
  -23.0
  -23.0
  -23.0
  -23.0
  -23.0
  -23.0
  -23.0
  -22.9
  -22.9
  -22.9
  -22.9
  -22.9
  -22.8
  -22.8
  -22.8
  -22.8
  -22.8
  -22.8
  -22.8
  -22.9
  -22.9
  -23.0
  -23.1
  -23.2
  -23.3
  -23.5
  -23.6
  -23.8
  -23.9
  -24.1
  -24.2
  -24.3
  -24.4
  -24.5
  -24.6
  -24.7
  -24.9
  -25.0
  -25.1
  -25.2
  -25.2
  -25.1
  -25.2
  -25.2
  -25.2
  -25.3
  -25.3
  -25.4
  -25.5
  -25.6
  -25.8
  -26.0
  -26.1
  -26.3
  -26.4
  -26.4
  -25.9
  -26.3
  -26.2
  -26.1
  -26.0
  -25.9
  -25.7
  -25.5
  -25.3
  -25.2
  -24.9
  -24.6
  -24.3
  -24.1
  -23.8
  -23.7
  -23.5
  -23.4
  -23.3
  -23.2
  -23.1
  -23.0
  -23.0
  -22.9
  -22.8
  -22.7
  -22.6
  -22.6
  -22.5
  -22.4
  -22.4
  -22.3
  -22.3
  -22.3
  -22.3
  -22.3
  -22.3
  -22.3
  -22.3
  -22.3
  -22.3
  -22.3
  -22.3
  -22.4
  -22.5
  -22.5
  -22.5
  -22.5
  -22.6
  -22.7
  -22.7
  -22.7
  -22.7
  -22.8
  -22.8
  -22.8
  -22.8
  -22.8
  -22.8
  -22.9
  -22.9
  -22.9
  -22.8
  -22.9
  -22.9
  -22.8
  -22.8
  -22.8
  -22.8
  -22.9
  -22.9
  -23.0
  -23.0
  -23.0
  -23.0
  -23.0
  -23.0
  -23.0
  -23.0
  -23.0
  -23.0
  -23.0
  -23.0
  -23.0
  -23.0
  -23.0
  -23.0
  -23.0
  -23.0
  -23.1
  -23.0
  -23.0
  -23.0
  -22.9
  -22.8
  -22.8
  -22.7
  -22.8
  -22.7
  -22.7
  -22.7
  -22.6
  -22.6
  -22.6
  -22.6
  -22.6
  -22.6
  -22.6
  -22.7
  -22.7
  -22.7
  -22.8
  -22.8
  -22.9
  -22.9
  -23.0
  -23.1
  -23.2
  -23.3
  -23.4
  -23.4
  -23.4
  -23.4
  -23.5
  -23.5
  -23.6
  -23.7
  -23.8
  -23.8
  -23.9
  -24.0
  -24.1
  -24.2
  -24.3
  -24.3
  -24.4
  -24.4
  -24.4
  -24.4
  -24.4
  -24.4
  -24.4
  -24.4
  -24.4
  -24.4
  -24.3
  -24.3
  -24.3
  -24.2
  -24.0
  -23.9
  -23.8
  -23.8
  -23.7
  -23.6
  -23.5
  -23.4
  -23.3
  -23.2
  -23.1
  -23.0
  -22.8
  -22.7
  -22.6
  -22.5
  -22.4
  -22.3
  -22.2
  -22.1
  -22.0
  -22.0
  -22.0
  -21.9
  -21.9
  -21.9
  -21.9
  -21.8
  -21.9
  -21.9
  -22.0
  -22.1
  -22.2
  -22.2
  -22.2
  -22.3
  -22.4
  -22.5
  -22.6
  -22.6
  -22.6
  -22.7
  -22.7
  -22.8
  -22.8
  -22.8
  -22.9
  -22.9
  -23.0
  -23.0
  -23.0
  -23.0
  -23.0
  -23.0
  -23.1
  -23.2
  -23.3
  -23.3
  -23.4
  -23.5
  -23.5
  -23.5
  -23.5
  -23.6
  -23.6
  -23.5
  -23.5
  -23.5
  -23.4
  -23.5
  -23.5
  -23.5
  -23.5
  -23.5
  -23.5
  -23.5
  -23.5
  -23.5
  -23.5
  -23.5
  -23.4
  -23.4
  -23.4
  -23.5
  -23.5
  -23.6
  -23.7
  -23.7
  -23.7
  -23.7
  -23.7
  -23.7
  -23.8
  -23.7
  -23.7
  -23.7
  -23.7
  -23.6
  -23.6
  -23.6
  -23.6
  -23.6
  -23.6
  -23.6
  -23.6
  -23.6
  -23.5
  -23.5
  -23.4
  -23.4
  -23.3
  -23.3
  -23.3
  -23.3
  -23.3
  -23.2
  -23.1
  -23.0
  -23.0
  -22.9
  -22.8
  -22.8
  -22.7
  -22.7
  -22.6
  -22.6
  -22.6
  -22.6
  -22.6
  -22.6
  -22.6
  -22.6
  -22.6
  -22.6
  -22.7
  -22.7
  -22.7
  -22.7
  -22.7
  -22.8
  -22.8
  -22.9
  -22.9
  -23.0
  -23.0
  -23.1
  -23.2
  -23.2
  -23.3
  -23.3
  -23.3
  -23.4
  -23.4
  -23.4
  -23.4
  -23.4
  -23.4
  -23.4
  -23.4
  -23.3
  -23.3
  -23.3
  -23.2
  -23.0
  -22.9
  -22.9
  -22.8
  -22.8
  -22.7
  -22.7
  -22.7
  -22.7
  -22.7
  -22.7
  -22.6
  -22.5
  -22.5
  -22.4
  -22.4
  -22.3
  -22.3
  -22.2
  -22.2
  -22.2
  -22.2
  -22.2
  -22.2
  -22.1
  -22.0
  -22.0
  -22.1
  -22.0
  -22.0
  -22.1
  -22.1
  -22.2
  -22.3
  -22.3
  -22.3
  -22.4
  -22.5
  -22.6
  -22.6
