  3.423
  3.418
  3.412
  3.409
  3.407
  3.414
  3.429
  3.437
  3.454
  3.458
  3.467
  3.482
  3.510
  3.520
  3.529
  3.544
  3.553
  3.555
  3.557
  3.562
  3.564
  3.563
  3.575
  3.572
  3.591
  3.601
  3.609
  3.606
  3.601
  3.590
  3.578
  3.575
  3.550
  3.534
  3.520
  3.504
  3.497
  3.495
  3.491
  3.491
  3.491
  3.487
  3.481
  3.469
  3.461
  3.454
  3.454
  3.450
  3.455
  3.491
  3.510
  3.519
  3.520
  3.531
  3.525
  3.532
  3.524
  3.522
  3.519
  3.518
  3.520
  3.525
  3.531
  3.541
  3.553
  3.558
  3.561
  3.560
  3.555
  3.560
  3.562
  3.578
  3.571
  3.577
  3.597
  3.597
  3.603
  3.590
  3.581
  3.573
  3.568
  3.573
  3.574
  3.560
  3.550
  3.550
  3.558
  3.561
  3.567
  3.572
  3.570
  3.578
  3.586
  3.591
  3.595
  3.594
  3.596
  3.607
  3.606
  3.607
  3.613
  3.603
  3.598
  3.597
  3.587
  3.573
  3.577
  3.570
  3.567
  3.559
  3.556
  3.551
  3.552
  3.550
  3.545
  3.538
  3.533
  3.527
  3.521
  3.519
  3.512
  3.514
  3.508
  3.505
  3.510
  3.502
  3.491
  3.480
  3.472
  3.469
  3.462
  3.456
  3.462
  3.468
  3.467
  3.467
  3.468
  3.471
  3.472
  3.471
  3.464
  3.461
  3.462
  3.460
  3.459
  3.454
  3.451
  3.445
  3.446
  3.451
  3.446
  3.450
  3.442
  3.434
  3.432
  3.438
  3.439
  3.444
  3.452
  3.457
  3.461
  3.468
  3.464
  3.472
  3.485
  3.501
  3.521
  3.548
  3.572
  3.598
  3.621
  3.635
  3.647
  3.661
  3.684
  3.695
  3.713
  3.730
  3.740
  3.744
  3.760
  3.772
  3.778
  3.783
  3.788
  3.791
  3.785
  3.788
  3.795
  3.798
  3.802
  3.802
  3.804
  3.798
  3.792
  3.795
  3.788
  3.783
  3.776
  3.770
  3.768
  3.762
  3.756
  3.774
  3.789
  3.793
  3.789
  3.789
  3.782
  3.783
  3.773
  3.768
  3.755
  3.748
  3.745
  3.743
  3.741
  3.743
  3.743
  3.738
  3.738
  3.735
  3.732
  3.733
  3.730
  3.740
  3.731
  3.725
  3.736
  3.736
  3.727
  3.716
  3.708
  3.693
  3.691
  3.684
  3.680
  3.656
  3.630
  3.615
  3.598
  3.576
  3.557
  3.538
  3.531
  3.524
  3.510
  3.496
  3.479
  3.471
  3.467
  3.454
  3.448
  3.441
  3.416
  3.395
  3.391
  3.384
  3.374
  3.378
  3.390
  3.381
  3.375
  3.364
  3.360
  3.357
  3.359
  3.353
  3.348
  3.345
  3.338
  3.343
  3.335
  3.321
  3.311
  3.298
  3.291
  3.272
  3.252
  3.224
  3.201
  3.190
  3.188
  3.185
  3.183
  3.192
  3.188
  3.187
  3.192
  3.190
  3.190
  3.187
  3.182
  3.168
  3.159
  3.149
  3.141
  3.132
  3.137
  3.129
  3.127
  3.125
  3.112
  3.101
  3.086
  3.074
  3.070
  3.071
  3.063
  3.067
  3.071
  3.078
  3.081
  3.085
  3.084
  3.083
  3.080
  3.072
  3.071
  3.068
  3.069
  3.077
  3.085
  3.080
  3.073
  3.068
  3.059
  3.052
  3.045
  3.029
  3.018
  3.012
  3.010
  3.013
  3.029
  3.050
  3.078
  3.106
  3.139
  3.162
  3.176
  3.197
  3.212
  3.231
  3.259
  3.284
  3.310
  3.340
  3.361
  3.375
  3.402
  3.432
  3.441
  3.443
  3.430
  3.423
  3.432
  3.440
  3.460
  3.488
  3.512
  3.524
  3.538
  3.555
  3.572
  3.585
  3.591
  3.588
  3.589
  3.591
  3.598
  3.596
  3.591
  3.591
  3.585
  3.576
  3.575
  3.556
  3.540
  3.537
  3.538
  3.530
  3.522
  3.516
  3.507
  3.505
  3.499
  3.493
  3.482
  3.474
  3.462
  3.443
  3.418
  3.407
  3.394
  3.379
  3.365
  3.342
  3.313
  3.272
  3.239
  3.199
  3.165
  3.151
  3.139
  3.135
  3.133
  3.128
  3.116
  3.110
  3.105
  3.096
  3.068
  3.037
  2.998
  2.959
  2.910
  2.865
  2.830
  2.812
  2.817
  2.819
  2.816
  2.801
  2.786
  2.761
  2.733
  2.709
  2.689
  2.660
  2.645
  2.631
  2.622
  2.628
  2.638
  2.658
  2.666
  2.670
  2.665
  2.650
  2.640
  2.618
  2.599
  2.587
  2.588
  2.588
  2.584
  2.572
  2.561
  2.551
  2.546
  2.537
  2.530
  2.518
  2.495
  2.488
  2.491
  2.498
  2.515
  2.534
  2.544
  2.550
  2.552
  2.550
  2.540
  2.542
  2.533
  2.526
  2.522
  2.517
  2.515
  2.517
  2.514
  2.517
  2.522
  2.519
  2.521
  2.520
  2.507
  2.489
  2.483
  2.487
  2.485
  2.488
  2.495
  2.499
  2.500
  2.505
  2.509
  2.521
  2.523
  2.529
  2.522
  2.530
  2.544
  2.562
  2.584
  2.609
  2.635
  2.651
  2.666
  2.686
  2.705
  2.719
  2.744
  2.789
  2.839
  2.887
  2.928
  2.969
  2.996
  3.030
  3.065
  3.087
  3.089
  3.077
  3.063
  3.038
  3.038
  3.041
  3.057
  3.071
  3.097
  3.123
  3.146
  3.156
  3.157
  3.156
  3.161
  3.169
  3.170
  3.169
  3.157
  3.132
  3.107
  3.099
  3.103
  3.105
  3.103
  3.090
  3.063
  3.034
  3.017
  3.005
  2.999
  2.981
  2.960
  2.928
  2.896
  2.877
  2.843
  2.817
  2.791
  2.773
  2.758
  2.744
  2.726
  2.708
  2.699
  2.684
  2.661
  2.633
  2.606
  2.591
  2.577
  2.564
  2.554
  2.555
  2.556
  2.558
  2.547
  2.530
  2.514
  2.496
  2.476
  2.466
  2.448
  2.436
  2.419
  2.417
  2.421
  2.424
  2.432
  2.441
  2.430
  2.418
  2.407
  2.391
  2.382
  2.374
  2.360
  2.350
  2.346
  2.346
  2.351
  2.352
  2.354
  2.354
  2.353
  2.347
  2.337
  2.325
  2.303
  2.292
  2.284
  2.285
  2.282
  2.292
  2.307
  2.315
  2.315
  2.321
  2.323
  2.320
  2.307
  2.303
  2.297
  2.297
  2.298
  2.303
  2.300
  2.301
  2.297
  2.293
  2.296
  2.297
  2.285
  2.274
  2.268
  2.270
  2.276
  2.289
  2.305
  2.312
  2.320
  2.326
  2.330
  2.340
  2.353
  2.376
  2.404
  2.436
  2.477
  2.508
  2.536
  2.570
  2.596
  2.613
  2.637
  2.641
  2.633
  2.634
  2.654
  2.672
  2.689
  2.719
  2.744
  2.754
  2.761
  2.765
  2.761
  2.757
  2.745
  2.743
  2.743
  2.752
  2.767
  2.785
  2.801
  2.810
  2.808
  2.799
  2.776
  2.743
  2.730
  2.721
  2.710
  2.697
  2.700
  2.706
  2.724
  2.735
  2.751
  2.752
  2.732
  2.696
  2.648
  2.610
  2.593
  2.586
  2.581
  2.563
  2.538
  2.509
  2.480
  2.452
  2.415
  2.380
  2.344
  2.315
  2.288
  2.274
  2.257
  2.239
  2.239
  2.235
  2.221
  2.198
  2.191
  2.188
  2.190
  2.193
  2.198
  2.198
  2.208
  2.213
  2.214
  2.218
  2.219
  2.230
  2.234
  2.240
  2.252
  2.246
  2.240
  2.237
  2.233
  2.226
  2.229
  2.235
  2.230
  2.227
  2.225
  2.229
  2.240
  2.242
  2.244
  2.243
  2.250
  2.249
  2.246
  2.241
  2.239
  2.243
  2.247
  2.264
  2.274
  2.268
  2.259
  2.254
  2.236
  2.223
  2.220
  2.217
  2.211
  2.202
  2.200
  2.203
  2.207
  2.207
  2.208
  2.210
  2.212
  2.209
  2.206
  2.195
  2.195
  2.182
  2.188
  2.197
  2.200
  2.193
  2.188
  2.185
  2.172
  2.163
  2.162
  2.160
  2.154
  2.151
  2.153
  2.162
  2.166
  2.170
  2.169
  2.168
  2.167
  2.166
  2.157
  2.158
  2.161
  2.159
  2.168
  2.187
  2.190
  2.194
  2.202
  2.215
  2.225
  2.243
  2.263
  2.275
  2.293
  2.308
  2.323
  2.336
  2.333
  2.336
  2.356
  2.374
  2.395
  2.417
  2.434
  2.449
  2.462
  2.460
  2.453
  2.452
  2.448
  2.457
  2.465
  2.479
  2.503
  2.525
  2.537
  2.552
  2.561
  2.564
  2.559
  2.543
  2.525
  2.501
  2.487
  2.482
  2.481
  2.492
  2.492
  2.494
  2.483
  2.456
  2.438
  2.420
  2.402
  2.381
  2.366
  2.352
  2.333
  2.324
  2.312
  2.304
  2.288
  2.274
  2.251
  2.230
  2.211
  2.195
  2.187
  2.191
  2.184
  2.173
  2.168
  2.164
  2.155
  2.153
  2.167
  2.173
  2.163
  2.163
  2.166
  2.155
  2.161
  2.168
  2.181
  2.185
  2.186
  2.190
  2.208
  2.225
  2.235
  2.242
  2.242
  2.241
  2.237
  2.236
  2.232
  2.231
  2.237
  2.258
  2.278
  2.282
  2.281
  2.279
  2.270
  2.256
  2.252
  2.258
  2.251
  2.251
  2.251
  2.257
  2.263
  2.260
  2.264
  2.261
  2.263
  2.262
  2.251
  2.238
  2.232
  2.228
  2.225
  2.239
  2.250
  2.250
  2.243
  2.232
  2.208
  2.176
  2.163
  2.163
  2.164
  2.166
  2.180
  2.195
  2.213
  2.242
  2.282
  2.339
  2.403
  2.476
  2.554
  2.617
  2.658
  2.684
  2.693
  2.692
  2.694
  2.705
  2.718
  2.723
  2.733
  2.766
  2.801
  2.834
  2.852
  2.862
  2.832
  2.783
  2.716
  2.650
  2.593
  2.547
  2.515
  2.481
  2.440
  2.403
  2.357
  2.320
  2.290
  2.264
  2.251
  2.230
  2.228
  2.220
  2.213
  2.204
  2.204
  2.209
  2.207
  2.199
  2.184
  2.186
  2.195
  2.203
  2.200
  2.204
  2.204
  2.203
  2.204
  2.200
  2.198
  2.192
  2.191
  2.190
  2.200
  2.200
  2.191
  2.189
  2.187
  2.174
  2.174
  2.179
  2.174
  2.170
  2.166
  2.163
  2.160
  2.160
  2.159
  2.154
  2.155
  2.154
  2.148
  2.148
  2.147
  2.143
  2.137
  2.134
  2.145
  2.153
  2.152
  2.155
  2.165
  2.178
  2.198
  2.236
  2.263
  2.301
  2.341
  2.388
  2.431
  2.471
  2.503
  2.533
  2.557
  2.575
  2.600
  2.613
  2.620
  2.633
  2.646
  2.649
  2.627
  2.597
  2.555
  2.510
  2.462
  2.408
  2.363
  2.333
  2.322
  2.299
  2.266
  2.231
  2.198
  2.177
  2.160
  2.149
  2.147
  2.147
  2.148
  2.153
  2.151
  2.152
  2.158
  2.165
  2.168
  2.190
  2.206
  2.199
  2.208
  2.206
  2.203
  2.197
  2.209
  2.219
  2.229
  2.232
  2.236
  2.242
  2.247
  2.240
  2.230
  2.221
  2.213
  2.195
  2.184
  2.174
  2.166
  2.167
  2.179
  2.206
  2.217
  2.213
  2.200
  2.183
  2.165
  2.152
  2.156
  2.155
  2.160
  2.180
  2.198
  2.228
  2.258
  2.289
  2.321
  2.354
  2.398
  2.445
  2.480
  2.519
  2.551
  2.578
  2.591
  2.589
  2.588
  2.601
  2.614
  2.609
  2.600
  2.581
  2.552
  2.526
  2.492
  2.457
  2.412
  2.353
  2.287
  2.224
  2.182
  2.157
  2.145
  2.140
  2.130
  2.113
  2.111
  2.116
  2.122
  2.128
  2.154
  2.177
  2.192
  2.207
  2.224
  2.231
  2.237
  2.248
  2.272
  2.281
  2.282
  2.288
  2.307
  2.321
  2.334
  2.341
  2.346
  2.349
  2.350
  2.338
  2.318
  2.303
  2.296
  2.288
  2.305
  2.318
  2.319
  2.319
  2.318
  2.313
  2.301
  2.297
  2.285
  2.261
  2.237
  2.222
  2.216
  2.215
  2.216
  2.212
  2.204
  2.199
  2.205
  2.208
  2.220
  2.225
  2.242
  2.268
  2.298
  2.327
  2.352
  2.381
  2.401
  2.416
  2.429
  2.432
  2.413
  2.380
  2.346
  2.293
  2.250
  2.215
  2.180
  2.156
  2.139
  2.137
  2.131
  2.118
  2.107
  2.110
  2.119
  2.121
  2.148
  2.187
  2.198
  2.207
  2.221
  2.230
  2.228
  2.231
  2.229
  2.226
  2.214
  2.207
  2.210
  2.222
  2.228
  2.225
  2.219
  2.218
  2.220
  2.227
  2.227
  2.229
  2.235
  2.232
  2.242
  2.246
  2.236
  2.220
  2.212
  2.194
  2.182
  2.178
  2.179
  2.173
  2.181
  2.189
  2.196
  2.207
  2.215
  2.215
  2.202
  2.194
  2.192
  2.188
  2.183
  2.178
  2.177
  2.181
  2.188
  2.197
  2.204
  2.217
  2.231
  2.246
  2.271
  2.292
  2.314
  2.332
  2.345
  2.351
  2.344
  2.325
  2.297
  2.272
  2.250
  2.234
  2.207
  2.183
  2.165
  2.138
  2.119
  2.107
  2.098
  2.113
  2.120
  2.119
  2.118
  2.119
  2.121
  2.126
  2.140
  2.158
  2.170
  2.176
  2.190
  2.209
  2.208
  2.206
  2.204
  2.200
  2.199
  2.194
  2.181
  2.168
  2.163
  2.160
  2.161
  2.172
  2.184
  2.185
  2.164
  2.084
  2.000
  1.976
  1.983
  2.011
  2.017
  1.993
  1.964
  1.940
  1.907
  1.859
  1.800
  1.696
  1.581
  1.437
  1.249
  1.166
  1.182
  1.171
  1.140
  1.154
  1.210
  1.265
  1.292
  1.288
  1.222
  1.155
  1.102
  1.061
  0.954
  0.849
  0.812
  0.793
  0.797
  0.853
  0.919
  0.972
  1.019
  1.049
  1.069
  1.088
  1.119
  1.144
  1.179
  1.193
  1.213
  1.269
  1.313
  1.355
  1.413
  1.508
  1.644
  1.787
  1.885
  1.922
  1.860
  1.568
  1.611
  1.810
  1.758
  1.339
  0.859
  1.042
  1.334
  1.460
  1.471
  1.457
  1.443
  1.388
  1.353
  1.343
  1.351
  1.393
  1.436
  1.466
  1.503
  1.566
  1.647
  1.746
  1.835
  1.937
  1.997
  2.033
  2.050
