1.2122
1.2127
1.2136
1.2140
1.2139
1.2137
1.2143
1.2147
1.2150
1.2157
1.2151
1.2160
1.2155
1.2157
1.2158
1.2167
1.2163
1.2170
1.2170
1.2165
1.2162
1.2167
1.2160
1.2160
1.2162
1.2154
1.2153
1.2158
1.2156
1.2156
1.2156
1.2161
1.2170
1.2163
1.2167
1.2155
1.2157
1.2169
1.2164
1.2175
1.2173
1.2172
1.2180
1.2172
1.2180
1.2181
1.2181
1.2189
1.2187
1.2186
1.2182
1.2188
1.2185
1.2190
1.2183
1.2185
1.2188
1.2180
1.2184
1.2183
1.2180
1.2177
1.2175
1.2172
1.2168
1.2162
1.2153
1.2150
1.2130
1.2125
1.2121
1.2113
1.2109
1.2101
1.2089
1.2090
1.2085
1.2086
1.2088
1.2080
1.2073
1.2071
1.2063
1.2058
1.2050
1.2041
1.2045
1.2033
1.2029
1.2022
1.2021
1.2021
1.2017
1.2015
1.2009
1.2012
1.2001
1.1991
1.1992
1.1981
1.1977
1.1974
1.1963
1.1958
1.1953
1.1951
1.1944
1.1941
1.1944
1.1938
1.1936
1.1939
1.1924
1.1929
1.1922
1.1917
1.1909
1.1915
1.1914
1.1907
1.1906
1.1910
1.1911
1.1913
1.1915
1.1911
1.1910
1.1910
1.1907
1.1909
1.1912
1.1910
1.1906
1.1911
1.1911
1.1909
1.1908
1.1910
1.1914
1.1907
1.1908
1.1905
1.1905
1.1905
1.1902
1.1896
1.1901
1.1888
1.1890
1.1887
1.1889
1.1886
1.1886
1.1881
1.1883
1.1878
1.1882
1.1878
1.1874
1.1874
1.1867
1.1867
1.1863
1.1861
1.1866
1.1872
1.1869
1.1862
1.1864
1.1867
1.1872
1.1868
1.1875
1.1872
1.1875
1.1868
1.1870
1.1871
1.1877
1.1876
1.1873
1.1878
1.1876
1.1879
1.1885
1.1887
1.1884
1.1883
1.1885
1.1885
1.1883
1.1883
1.1884
1.1886
1.1886
1.1888
1.1890
1.1902
1.1897
1.1902
1.1908
1.1913
1.1910
1.1916
1.1919
1.1925
1.1924
1.1926
1.1925
1.1932
1.1935
1.1944
1.1946
1.1948
1.1947
1.1952
1.1956
1.1960
1.1960
1.1968
1.1965
1.1965
1.1968
1.1971
1.1974
1.1982
1.1975
1.1986
1.1985
1.1987
1.1987
1.1987
1.1993
1.1998
1.1993
1.1998
1.2003
1.1996
1.1996
1.2000
1.2006
1.2003
1.2003
1.2005
1.2005
1.2003
1.2006
1.2004
1.2005
1.2013
1.2007
1.2011
1.2001
1.2002
1.2005
1.2010
1.2008
1.2005
1.2008
1.2009
1.2008
1.2006
1.2015
1.2014
1.2014
1.2007
1.2007
1.2002
1.2001
1.2003
1.2005
1.2009
1.2002
1.2000
1.2000
1.2002
1.2007
1.1998
1.1999
1.1994
1.1997
1.1986
1.1987
1.1983
1.1979
1.1978
1.1969
1.1966
1.1961
1.1963
1.1962
1.1962
1.1947
1.1947
1.1948
1.1948
1.1940
1.1934
1.1926
1.0300
1.0314
1.0300
1.0305
1.0300
1.0302
1.0305
1.0301
1.0301
1.0297
1.0303
1.0297
1.0307
1.0305
1.0306
1.0305
1.0311
1.0305
1.0302
1.0312
1.0314
1.0305
1.0309
1.0315
1.0313
1.0309
1.0311
1.0320
1.0313
1.0307
1.0321
1.0317
1.0317
1.0327
1.0324
1.0326
1.0328
1.0329
1.0326
1.0331
1.0333
1.0332
1.0333
1.0322
1.0330
1.0335
1.0326
1.0330
1.0322
1.0321
1.0316
1.0314
1.0316
1.0310
1.0310
1.0308
1.0314
1.0307
1.0311
1.0313
1.0302
1.0305
1.0310
1.0315
1.0313
1.0305
1.0303
1.0304
1.0310
1.0310
1.0312
1.0302
1.0312
1.0303
1.0308
1.0316
1.0313
1.0319
1.0320
1.0319
1.0315
1.0318
1.0325
1.0332
1.0315
1.0336
1.0323
1.0313
1.0319
1.0334
1.0332
1.0321
1.0328
1.0319
1.0313
1.0325
1.0324
1.0318
1.0316
1.0313
1.0317
1.0305
1.0314
1.0314
1.0312
1.0311
1.0309
1.0315
1.0313
1.0310
1.0313
1.0306
1.0311
1.0316
1.0315
1.0313
1.0313
1.0316
1.0315
1.0318
1.0313
1.0324
1.0321
1.0325
1.0322
1.0322
1.0317
1.0322
1.0333
1.0321
1.0335
1.0322
1.0321
1.0323
1.0330
1.0333
1.0330
1.0327
1.0331
1.2732
1.2725
1.2717
1.2708
1.0324
1.0330
1.0322
1.0318
1.0312
1.0326
1.0320
1.0311
1.0322
1.0317
1.0318
1.0328
1.0325
1.0326
1.0327
1.0326
1.0325
1.0320
1.0325
1.0323
1.0325
1.0327
1.0327
1.0322
1.0333
1.0337
1.0331
1.0337
1.0331
1.0338
1.0339
1.0327
1.0337
1.0328
1.2189
1.2152
1.2180
1.2169
1.2166
1.2188
1.2185
1.2184
1.2181
1.2169
1.2157
1.2147
1.2134
1.2123
1.2115
1.2118
1.2112
1.2121
1.2107
1.2105
1.2101
1.2121
1.2116
1.2101
1.2094
1.2091
1.2090
1.2097
1.2104
1.2099
1.2092
1.2096
1.2107
1.2092
1.2106
1.2112
1.2130
1.2135
1.2144
1.2154
1.2150
1.2173
1.2171
1.2191
1.2195
1.2217
1.2204
1.2214
1.2227
1.2229
1.2239
1.2264
1.2269
1.2286
1.2290
1.2310
1.2322
1.2309
1.2330
1.2330
1.2350
1.2359
1.2396
1.2408
1.2419
1.2417
1.2449
1.2441
1.2481
1.2495
1.2462
1.2514
1.0333
1.2483
1.0327
1.0325
1.0334
1.0337
1.0340
1.0334
1.2625
1.0332
1.2636
1.2648
1.2644
1.2636
1.2659
1.2667
1.2679
1.2685
1.2677
1.2674
1.2697
1.2685
1.2699
1.2700
1.2705
1.2694
1.2674
1.2663
1.2660
1.2667
1.2674
1.2677
1.2679
1.2692
1.2672
1.2666
1.2683
1.2681
1.2661
1.2671
1.2663
1.2657
1.2664
1.2648
1.2670
1.2655
1.2654
1.2656
1.2662
1.2664
1.2677
1.2686
1.2666
1.2669
1.2678
1.2656
1.2663
1.2659
1.2680
1.2658
1.2673
1.2660
1.2668
1.2664
1.2676
1.2673
1.2665
1.2671
1.2666
1.2681
1.2662
1.2669
1.2651
1.2667
1.2645
1.2647
1.2651
1.2653
1.2651
1.2654
1.2640
1.2652
1.2650
1.2655
1.2647
1.2640
1.2636
1.2639
1.2647
1.2648
1.2642
1.2649
1.2642
1.2656
1.2657
1.2656
1.2656
1.2655
1.2651
1.2644
1.2660
1.2653
1.2654
1.2653
1.2629
1.2632
1.2640
1.2621
1.2629
1.2623
1.2635
1.2632
1.2619
1.2619
1.2591
1.2602
1.2605
1.2610
1.2586
1.2570
1.2545
1.2536
1.2546
1.2526
1.2519
1.2510
1.2509
1.2491
1.2490
1.2481
1.2481
1.2473
1.2461
1.2457
1.2446
1.2446
1.2436
1.2428
1.2426
1.2400
1.2397
1.2397
1.2376
1.2385
1.2374
1.2362
1.2373
1.2379
1.2372
1.2372
1.2371
1.2363
1.2363
1.2377
1.2371
1.2356
1.2344
1.2353
1.2365
1.2344
1.2354
1.2342
1.2339
1.2345
1.2341
1.2337
1.2334
1.2325
1.2335
1.2331
1.2334
1.2316
1.2319
1.2304
1.2317
1.2311
1.2318
1.2316
1.2316
1.2323
1.2320
1.2332
1.2328
1.2349
1.2344
1.2338
1.2358
1.2358
1.2365
1.2368
1.2375
1.2386
1.2391
1.2394
1.2413
1.2416
1.2425
1.2431
1.2439
1.2443
1.2455
1.2461
1.2451
1.2470
1.2485
1.2485
1.2486
1.2505
1.2495
1.2508
1.2508
1.2518
1.2527
1.2528
1.2529
1.2532
1.2551
1.2539
1.2539
1.2539
1.2542
1.2574
1.2559
1.2569
1.2567
1.2553
1.2577
1.2588
1.2564
1.2567
1.2571
1.2569
1.2570
1.2571
1.2565
1.2560
1.2567
1.2580
1.2575
1.2575
1.2581
1.2585
1.2569
1.2567
1.2566
1.2562
1.2555
1.2557
1.2555
1.2553
1.2560
1.2569
1.2564
1.2552
1.2556
1.2569
1.2578
1.2573
1.2577
1.2579
1.2571
1.2569
1.2556
1.2540
1.2542
1.2548
1.2540
1.2542
1.2555
1.2546
1.2527
1.2543
1.2532
1.2539
1.2546
1.2546
1.2550
1.2533
1.2539
1.2534
1.2535
1.2529
1.2533
1.2532
1.2519
1.2540
1.2549
1.2558
1.2548
1.2555
1.2549
1.2537
1.2543
1.2541
1.2533
1.2535
1.2532
1.2536
1.2536
1.2542
1.2522
1.2535
1.2530
1.2518
1.2527
1.2530
1.2526
1.2531
1.2524
1.2536
1.2524
1.2515
1.2518
1.2508
1.2506
1.2508
1.2504
1.2504
1.2509
1.2499
1.2487
1.2501
1.2495
1.2500
1.2508
1.2491
1.2498
1.2485
1.2485
1.2480
1.2483
1.2484
1.2485
1.2469
1.2474
1.2478
1.2472
1.2466
1.2470
1.2460
1.2459
1.2453
1.2446
1.2449
1.2445
1.2442
1.2434
1.2434
1.2432
1.2431
1.2421
1.2427
1.2416
1.2428
1.2411
1.2412
1.2414
1.2409
1.2406
1.2397
1.2396
1.2384
1.2376
1.2391
1.2378
1.2383
1.2383
1.2385
1.2370
1.2374
1.2361
1.2368
1.2363
1.2372
1.2360
1.2355
1.2356
1.2344
1.2355
1.2346
1.2347
1.2345
1.2348
1.2357
1.2346
1.2343
1.2334
1.2344
1.2345
1.2345
1.2350
1.2351
1.2355
1.2366
1.2357
1.2371
1.2377
1.2373
1.2375
1.2387
1.2385
1.2377
1.2386
1.2383
1.2391
1.2386
1.2396
1.2397
1.2388
1.2385
1.2381
1.2380
1.2387
1.2390
1.2391
1.2394
1.2390
1.2399
1.2407
1.2409
1.2415
1.2410
1.2405
1.2412
1.2420
1.2424
1.2438
1.2430
1.2435
1.2444
1.2440
1.2441
1.2453
1.2453
1.2456
1.2457
1.2459
1.2458
1.2454
1.2460
1.2464
1.2464
1.2463
1.2470
1.2470
1.2465
1.2480
1.2469
1.2476
1.2479
1.2473
1.2483
1.2478
1.2484
1.2486
1.2483
1.2477
1.2478
1.2477
1.2486
1.2487
1.2485
1.2493
1.2483
1.2476
1.2483
1.2476
1.2481
1.2483
1.2484
1.2471
1.2471
1.2471
1.2470
1.2467
1.2467
