 0.0000
13.8188
11.8334
11.8307
 9.0282
 7.1444
 5.6374
 3.8077
 1.9040
 1.0076
 1.1681
 1.7669
 2.2303
 2.4235
 2.2336
 1.8026
 1.2846
 0.6527
 0.1546
 0.7660
 1.2570
 1.6042
 1.7686
 1.7887
 1.5615
 1.1861
 0.8084
 0.4729
 0.5033
 0.7896
 1.1590
 1.3396
 1.3883
 1.3235
 1.1407
 0.9266
 0.6666
 0.6027
 0.7286
 0.8700
 1.0187
 1.0801
 1.0731
 0.9449
 0.7468
 0.5361
 0.2744
 0.1116
 0.2348
 0.4026
 0.4303
 0.4291
 0.3550
 0.2279
 0.1199
 0.2252
 0.4270
 0.5706
 0.7039
 0.7633
 0.7678
 0.6953
 0.5358
 0.3665
 0.1660
 0.0813
 0.2533
 0.4067
 0.5003
 0.5512
 0.5552
 0.5422
 0.5672
 0.5668
 0.6193
 0.6681
 0.6906
 0.6678
 0.5821
 0.4497
 0.2728
 0.1519
 0.2924
 0.5301
 0.7622
 0.9165
 0.9797
 1.0246
 0.9640
 0.8844
 0.6760
 0.4316
 0.1623
 0.0826
 0.2990
 0.4739
 0.5845
 0.6415
 0.5866
 0.4998
 0.3664
 0.2278
 0.1937
 0.3507
 0.5070
 0.6434
 0.7435
 0.7694
 0.7339
 0.6198
 0.4929
 0.3090
 0.1419
 0.0962
 0.2096
 0.3444
 0.4081
 0.4528
 0.4686
 0.4355
 0.3953
 0.3823
 0.4216
 0.4562
 0.4648
 0.4755
 0.4352
 0.3818
 0.2848
 0.1731
 0.0869
 0.1192
 0.2133
 0.2589
 0.2937
 0.3053
 0.2805
 0.2329
 0.1927
 0.2109
 0.3067
 0.4151
 0.4874
 0.5330
 0.5454
 0.5807
 0.5248
 0.4578
 0.4436
 0.3965
 0.4387
 0.5272
 0.5698
 0.6394
 0.7206
 0.7016
 0.6921
 0.6423
 0.6202
 0.5698
 0.4864
 0.4345
 0.3730
 0.3391
 0.3041
 0.2535
 0.2445
 0.2598
 0.2664
 0.2894
 0.3465
 0.3817
 0.4193
 0.4501
 0.5090
 0.5632
 0.5547
 0.5743
 0.5723
 0.5135
 0.4292
 0.3528
 0.2758
 0.2645
 0.2897
 0.3572
 0.4340
 0.4744
 0.4863
 0.4734
 0.4021
 0.3573
 0.2590
 0.1481
 0.0638
 0.1261
 0.2086
 0.3363
 0.4525
 0.5025
 0.5194
 0.5673
 0.5937
 0.5806
 0.5568
 0.4700
 0.4008
 0.3139
 0.2943
 0.3989
 0.5936
 0.7465
 0.9019
 1.0408
 1.1408
 1.2015
 1.1714
 1.0867
 0.9653
 0.8450
 0.7202
 0.6671
 0.6989
 0.8185
 0.9612
 1.0610
 1.1480
 1.1863
 1.1299
 1.0315
 0.8943
 0.7189
 0.5147
 0.3139
 0.2103
 0.2773
 0.3812
 0.4883
 0.5673
 0.5899
 0.6081
 0.5433
 0.5053
 0.4192
 0.2870
 0.2071
 0.1607
 0.1957
 0.2665
 0.3933
 0.4807
 0.5107
 0.5470
 0.5221
 0.4581
 0.3617
 0.2369
 0.1522
 0.1792
 0.2966
 0.4644
 0.5866
 0.6878
 0.7601
 0.7693
 0.7247
 0.6396
 0.5139
 0.3792
 0.2402
 0.1790
 0.2225
 0.3219
 0.3889
 0.4112
 0.4037
 0.3589
 0.2864
 0.1879
 0.0658
 0.0804
 0.1945
 0.2840
 0.4000
 0.4786
 0.5189
 0.5368
 0.5261
 0.4958
 0.4342
 0.4210
 0.3844
 0.3992
 0.4326
 0.4608
 0.5024
 0.5427
 0.5635
 0.6001
 0.6005
 0.6251
