200
0.0000
0.0000
0.0000
0.0000
0.0000
0.0000
0.0000
0.0000
0.0000
0.0000
0.0000
0.0000
0.0109
0.0137
0.0158
0.0188
0.0248
0.0261
0.0277
0.0346
0.0357
0.0409
0.0458
0.0500
0.0509
0.0524
0.0496
0.0470
0.0322
0.0224
0.0216
0.0204
0.0192
0.0139
-0.0102
-0.0164
-0.0251
-0.0348
-0.0394
-0.0437
-0.0455
-0.0483
-0.0505
-0.0569
-0.0569
-0.0542
-0.0512
-0.0472
-0.0426
-0.0387
-0.0340
-0.0233
-0.0152
-0.0063
0.0035
0.0116
0.0155
0.0231
0.0274
0.0366
0.0432
0.0407
0.0385
0.0395
0.0377
0.0382
0.0358
0.0323
0.0252
0.0207
-0.0154
-0.0167
-0.0171
-0.0183
-0.0146
-0.0155
-0.0194
-0.0220
-0.0230
-0.0243
-0.0284
-0.0305
-0.0286
-0.0304
-0.0275
-0.0249
-0.0235
-0.0251
-0.0214
-0.0174
0.0146
0.0228
0.0295
0.0323
0.0360
0.0436
0.0449
0.0496
0.0515
0.0508
0.0455
0.0513
0.0585
0.0612
0.0600
0.0560
0.0502
0.0452
0.0353
0.0254
0.0192
0.0104
0.0012
-0.0142
-0.0245
-0.0370
-0.0401
-0.0435
-0.0501
-0.0598
-0.0591
-0.0590
-0.0535
-0.0454
-0.0364
-0.0370
-0.0332
-0.0184
-0.0175
0.0024
0.0168
0.0253
0.0286
0.0443
0.0550
0.0701
0.0777
0.0855
0.0790
0.0815
0.0832
0.0814
0.0897
0.0915
0.0830
0.0789
0.0757
0.0665
0.0617
0.0511
0.0374
0.0168
0.0116
-0.0002
-0.0081
-0.0182
-0.0296
-0.0473
-0.0539
-0.0626
-0.0683
-0.0655
-0.0645
-0.0663
-0.0612
-0.0536
-0.0456
-0.0338
-0.0197
-0.0117
-0.0031
0.0114
0.0239
0.0355
0.0507
0.0572
0.0596
0.0699
0.0748
0.0832
0.0881
0.0802
0.0729
0.0656
0.0588
0.0543
0.0458
0.0362
0.0181
0.0043
-0.0081
-0.0190
-0.0276
-0.0400
-0.0579
-0.0709
-0.0781
-0.0821
-0.0816
-0.0861
