200
0   0 0.0000
0   0 0.0000
0   0 0.0000
0   0 0.0000
0   0 0.0000
0   0 0.0000
0   0 0.0000
0   0 0.0000
0   0 0.0000
0   0 0.0000
0   0 0.0000
0   0 0.0000
1  14 0.0109
1  14 0.0137
1  14 0.0158
1  11 0.0188
1  11 0.0248
1  11 0.0261
1  11 0.0277
1  11 0.0346
1  11 0.0357
1  11 0.0409
1  11 0.0458
1  11 0.0500
1  11 0.0509
1  11 0.0524
1  11 0.0496
1  11 0.0470
1  11 0.0322
1  13 0.0224
1  11 0.0216
1  11 0.0204
1  11 0.0192
1  11 0.0139
1  13 -0.0102
1  13 -0.0164
1  13 -0.0251
1  13 -0.0348
1  13 -0.0394
1  13 -0.0437
1  13 -0.0455
1  13 -0.0483
1  13 -0.0505
1  13 -0.0569
1  13 -0.0569
1  13 -0.0542
1  13 -0.0512
1  13 -0.0472
1  13 -0.0426
1  13 -0.0387
1  13 -0.0340
1  13 -0.0233
1  13 -0.0152
2  13 -0.0063
2  13 0.0035
1  14 0.0116
1  14 0.0155
1  13 0.0231
1  13 0.0274
1  13 0.0366
1  13 0.0432
1  13 0.0407
1  13 0.0385
1  13 0.0395
1  13 0.0377
1  13 0.0382
1  13 0.0358
1  13 0.0323
1  13 0.0252
1  13 0.0207
1  11 -0.0154
1  11 -0.0167
1  11 -0.0171
1  11 -0.0183
1  10 -0.0146
1  13 -0.0155
1  13 -0.0194
1  13 -0.0220
1  13 -0.0230
1  13 -0.0243
1  13 -0.0284
1  13 -0.0305
1  13 -0.0286
1  10 -0.0304
1  10 -0.0275
1  10 -0.0249
1  10 -0.0235
1  10 -0.0251
1  10 -0.0214
1  10 -0.0174
1  13 0.0146
1  13 0.0228
1  13 0.0295
1  13 0.0323
1  13 0.0360
1  13 0.0436
1  13 0.0449
1  13 0.0496
1  13 0.0515
1  13 0.0508
1  13 0.0455
1  10 0.0513
1  10 0.0585
1  10 0.0612
1  10 0.0600
1  10 0.0560
1  10 0.0502
1  10 0.0452
1  10 0.0353
1  10 0.0254
1  10 0.0192
1  13 0.0104
2  13 0.0012
1  11 -0.0142
1  11 -0.0245
1  11 -0.0370
1  11 -0.0401
1  11 -0.0435
1  11 -0.0501
1  11 -0.0598
1  11 -0.0591
1  11 -0.0590
1  11 -0.0535
1  11 -0.0454
1  11 -0.0364
1  11 -0.0370
1  11 -0.0332
1  11 -0.0184
1  11 -0.0175
2  11 0.0024
1  10 0.0168
1  10 0.0253
1  11 0.0286
1  11 0.0443
1  11 0.0550
1  11 0.0701
1  11 0.0777
1  11 0.0855
1  11 0.0790
1  11 0.0815
1  11 0.0832
1  11 0.0814
1  11 0.0897
1  11 0.0915
1  11 0.0830
1  11 0.0789
1  11 0.0757
1  11 0.0665
1  11 0.0617
1  11 0.0511
1  11 0.0374
1  11 0.0168
1  10 0.0116
2  10 -0.0002
2  10 -0.0081
1  11 -0.0182
1  11 -0.0296
1  11 -0.0473
1  11 -0.0539
1  11 -0.0626
1  11 -0.0683
1  11 -0.0655
1  11 -0.0645
1  11 -0.0663
1  11 -0.0612
1  11 -0.0536
1  11 -0.0456
1  11 -0.0338
1  11 -0.0197
1  11 -0.0117
2  11 -0.0031
1  10 0.0114
1  11 0.0239
1  11 0.0355
1  11 0.0507
1  11 0.0572
1  11 0.0596
1  11 0.0699
1  11 0.0748
1  11 0.0832
1  11 0.0881
1  11 0.0802
1  11 0.0729
1  11 0.0656
1  11 0.0588
1  11 0.0543
1  11 0.0458
1  11 0.0362
1  11 0.0181
2  11 0.0043
2  11 -0.0081
1  11 -0.0190
1  11 -0.0276
1  11 -0.0400
1  11 -0.0579
1  11 -0.0709
1  11 -0.0781
1  11 -0.0821
1  11 -0.0816
1  11 -0.0861
