48.5791 18 18.4046 0.9417 | 0   1 -1 0.0000 0.0000 0.0000 
48.8281 18 18.3993 0.9414 | 0   2 -1 0.0000 0.0000 0.0000 
48.0584 18 18.4037 0.9417 | 0   3 -1 0.0000 0.0000 0.0000 
48.3887 18 18.3978 0.9414 | 0   4 -1 0.0000 0.0000 0.0000 
47.0057 18 18.3902 0.9410 | 0   5 -1 0.0000 0.0000 0.0000 
48.9380 18 18.3861 0.9408 | 0   6 -1 0.0000 0.0000 0.0000 
48.8234 18 18.3840 0.9406 | 0   7 -1 0.0000 0.0000 0.0000 
48.5979 18 18.3639 0.9396 | 0   8 -1 0.0000 0.0000 0.0000 
49.1836 18 18.3611 0.9395 | 0   9 -1 0.0000 0.0000 0.0000 
48.7377 18 18.3611 0.9395 | 0  10 -1 0.0000 0.0000 0.0000 
48.5225 18 18.3563 0.9392 | 0  11 -1 0.0000 0.0000 0.0000 
48.7472 18 18.3500 0.9389 | 0  12 -1 0.0000 0.0000 0.0000 
49.0436 18 18.3450 0.9387 | 0  13 -1 0.0000 0.0000 0.0000 
48.7733 18 18.3371 0.9382 | 0  14 -1 0.0000 0.0000 0.0000 
49.2514 18 18.3357 0.9382 | 0  15 -1 0.0000 0.0000 0.0000 
48.8091 18 18.3370 0.9382 | 0  16 -1 0.0000 0.0000 0.0000 
48.7805 18 18.3481 0.9388 | 0  17 -1 0.0000 0.0000 0.0000 
48.6239 18 18.3438 0.9386 | 0  18 -1 0.0000 0.0000 0.0000 
48.0700 18 18.3417 0.9385 | 0  19 -1 0.0000 0.0000 0.0000 
48.8902 18 18.3338 0.9381 | 0  20 -1 0.0000 0.0000 0.0000 
49.0581 18 18.3345 0.9381 | 0  21 -1 0.0000 0.0000 0.0000 
48.6831 18 18.3376 0.9383 | 0  22 -1 0.0000 0.0000 0.0000 
48.7995 18 18.3300 0.9379 | 0  23 -1 0.0000 0.0000 0.0000 
48.5743 18 18.3232 0.9375 | 0  24 -1 0.0000 0.0000 0.0000 
48.9620 18 18.3254 0.9377 | 0  25 -1 0.0000 0.0000 0.0000 
48.7543 18 18.3247 0.9376 | 0  26 -1 0.0000 0.0000 0.0000 
48.4402 18 18.3348 0.9381 | 0  27 -1 0.0000 0.0000 0.0000 
49.1400 18 18.3298 0.9379 | 0  28 -1 0.0000 0.0000 0.0000 
48.6831 18 18.3342 0.9381 | 0  29 -1 0.0000 0.0000 0.0000 
48.9596 18 18.3274 0.9378 | 0  30 -1 0.0000 0.0000 0.0000 
48.8281 18 18.3394 0.9384 | 0  31 -1 0.0000 0.0000 0.0000 
49.0581 18 18.3359 0.9382 | 0  32 -1 0.0000 0.0000 0.0000 
48.3606 18 18.3366 0.9382 | 0  33 -1 0.0000 0.0000 0.0000 
48.7591 18 18.3362 0.9382 | 0  34 -1 0.0000 0.0000 0.0000 
48.9956 18 18.3405 0.9384 | 0  35 -1 0.0000 0.0000 0.0000 
48.9524 18 18.3440 0.9386 | 0  36 -1 0.0000 0.0000 0.0000 
49.2417 18 18.3436 0.9386 | 0  37 -1 0.0000 0.0000 0.0000 
48.6050 18 18.3390 0.9383 | 0  38 -1 0.0000 0.0000 0.0000 
49.0172 18 18.3388 0.9383 | 0  39 -1 0.0000 0.0000 0.0000 
48.8854 18 18.3381 0.9383 | 0  40 -1 0.0000 0.0000 0.0000 
49.1715 18 18.3379 0.9383 | 0  41 -1 0.0000 0.0000 0.0000 
48.8544 18 18.3340 0.9381 | 0  42 -1 0.0000 0.0000 0.0000 
48.8950 18 18.3296 0.9379 | 0  43 -1 0.0000 0.0000 0.0000 
49.2296 18 18.3345 0.9381 | 0  44 -1 0.0000 0.0000 0.0000 
49.2829 18 18.3417 0.9385 | 0  45 -1 0.0000 0.0000 0.0000 
49.0172 18 18.3443 0.9386 | 0  46 -1 0.0000 0.0000 0.0000 
49.2344 18 18.3481 0.9388 | 0  47 -1 0.0000 0.0000 0.0000 
49.0196 18 18.3450 0.9387 | 0  48 -1 0.0000 0.0000 0.0000 
48.6997 18 18.3436 0.9386 | 0  49 -1 0.0000 0.0000 0.0000 
48.9572 18 18.3347 0.9381 | 0  50 -1 0.0000 0.0000 0.0000 
48.5625 18 18.3412 0.9385 | 0  51 -1 0.0000 0.0000 0.0000 
49.0677 18 18.3437 0.9386 | 0  52 -1 0.0000 0.0000 0.0000 
48.7140 18 18.3423 0.9385 | 0  53 -1 0.0000 0.0000 0.0000 
48.2695 18 18.3503 0.9389 | 0  54 -1 0.0000 0.0000 0.0000 
48.9836 18 18.3448 0.9386 | 0  55 -1 0.0000 0.0000 0.0000 
48.7187 18 18.3441 0.9386 | 0  56 -1 0.0000 0.0000 0.0000 
48.9093 18 18.3521 0.9390 | 0  57 -1 0.0000 0.0000 0.0000 
48.9309 18 18.3520 0.9390 | 0  58 -1 0.0000 0.0000 0.0000 
48.8400 18 18.3598 0.9394 | 0  59 -1 0.0000 0.0000 0.0000 
48.5814 18 18.3661 0.9397 | 0  60 -1 0.0000 0.0000 0.0000 
48.4896 18 18.3685 0.9399 | 0  61 -1 0.0000 0.0000 0.0000 
48.6973 18 18.3811 0.9405 | 0  62 -1 0.0000 0.0000 0.0000 
48.5932 18 18.3822 0.9406 | 0  63 -1 0.0000 0.0000 0.0000 
48.8400 18 18.3781 0.9403 | 0  64 -1 0.0000 0.0000 0.0000 
48.5272 18 18.3779 0.9403 | 0  65 -1 0.0000 0.0000 0.0000 
49.2417 18 18.3844 0.9407 | 0  66 -1 0.0000 0.0000 0.0000 
48.8377 18 18.3824 0.9406 | 0  67 -1 0.0000 0.0000 0.0000 
48.9117 18 18.3829 0.9406 | 0  68 -1 0.0000 0.0000 0.0000 
48.2835 18 18.3953 0.9412 | 0  69 -1 0.0000 0.0000 0.0000 
49.2490 18 18.3924 0.9411 | 0  70 -1 0.0000 0.0000 0.0000 
48.7519 18 18.3929 0.9411 | 0  71 -1 0.0000 0.0000 0.0000 
49.1811 18 18.4054 0.9417 | 0  72 -1 0.0000 0.0000 0.0000 
48.4215 18 18.4035 0.9416 | 0  73 -1 0.0000 0.0000 0.0000 
48.5838 18 18.4088 0.9419 | 0  74 -1 0.0000 0.0000 0.0000 
48.6973 18 18.4252 0.9428 | 0  75 -1 0.0000 0.0000 0.0000 
48.9452 18 18.4194 0.9425 | 0  76 -1 0.0000 0.0000 0.0000 
48.6476 18 18.4262 0.9428 | 0  77 -1 0.0000 0.0000 0.0000 
49.1860 18 18.4397 0.9435 | 0  78 -1 0.0000 0.0000 0.0000 
48.7995 18 18.4433 0.9437 | 0  79 -1 0.0000 0.0000 0.0000 
48.9620 18 18.4550 0.9443 | 0  80 -1 0.0000 0.0000 0.0000 
48.8735 18 18.4492 0.9440 | 0  81 -1 0.0000 0.0000 0.0000 
49.0701 18 18.4533 0.9442 | 0  82 -1 0.0000 0.0000 0.0000 
49.1425 18 18.4545 0.9443 | 0  83 -1 0.0000 0.0000 0.0000 
49.0557 18 18.4626 0.9447 | 0  84 -1 0.0000 0.0000 0.0000 
49.0629 18 18.4655 0.9448 | 0  85 -1 0.0000 0.0000 0.0000 
48.4801 18 18.4792 0.9455 | 0  86 -1 0.0000 0.0000 0.0000 
48.6145 18 18.4693 0.9450 | 0  87 -1 0.0000 0.0000 0.0000 
49.1521 18 18.4866 0.9459 | 0  88 -1 0.0000 0.0000 0.0000 
48.9045 18 18.4995 0.9466 | 0  89 -1 0.0000 0.0000 0.0000 
48.6310 19 18.5119 0.9472 | 0  90 -1 0.0000 0.0000 0.0000 
49.4144 19 18.5307 0.9482 | 0  91 -1 0.0000 0.0000 0.0000 
49.2927 19 18.5331 0.9483 | 0  92 -1 0.0000 0.0000 0.0000 
48.5720 19 18.5474 0.9490 | 0  93 -1 0.0000 0.0000 0.0000 
48.9309 19 18.5559 0.9494 | 0  94 -1 0.0000 0.0000 0.0000 
48.8639 19 18.5546 0.9494 | 0  95 -1 0.0000 0.0000 0.0000 
48.8639 19 18.5644 0.9499 | 0  96 -1 0.0000 0.0000 0.0000 
48.8902 19 18.5791 0.9506 | 0  97 -1 0.0000 0.0000 0.0000 
49.2296 19 18.5780 0.9506 | 0  98 -1 0.0000 0.0000 0.0000 
48.7140 19 18.5869 0.9510 | 0  99 -1 0.0000 0.0000 0.0000 
48.8711 19 18.5929 0.9513 | 0 100 -1 0.0000 0.0000 0.0000 
48.8711 19 18.6051 0.9520 | 0 101 -1 0.0000 0.0000 0.0000 
48.5037 19 18.6035 0.9519 | 0 102 -1 0.0000 0.0000 0.0000 
49.0966 19 18.6195 0.9527 | 0 103 -1 0.0000 0.0000 0.0000 
48.5791 19 18.6236 0.9529 | 0 104 -1 0.0000 0.0000 0.0000 
49.0364 19 18.6352 0.9535 | 0 105 -1 0.0000 0.0000 0.0000 
48.9572 19 18.6374 0.9536 | 0 106 -1 0.0000 0.0000 0.0000 
49.1932 19 18.6525 0.9544 | 0 107 -1 0.0000 0.0000 0.0000 
49.0244 19 18.6447 0.9540 | 0 108 -1 0.0000 0.0000 0.0000 
48.7948 19 18.6517 0.9543 | 0 109 -1 0.0000 0.0000 0.0000 
49.0605 19 18.6517 0.9543 | 0 110 -1 0.0000 0.0000 0.0000 
49.0870 19 18.6606 0.9548 | 0 111 -1 0.0000 0.0000 0.0000 
49.0485 19 18.6702 0.9553 | 0 112 -1 0.0000 0.0000 0.0000 
48.8138 19 18.6770 0.9556 | 0 113 -1 0.0000 0.0000 0.0000 
48.8568 19 18.6868 0.9561 | 0 114 -1 0.0000 0.0000 0.0000 
47.8469 19 18.6877 0.9562 | 0 115 -1 0.0000 0.0000 0.0000 
48.9117 19 18.6935 0.9565 | 0 116 -1 0.0000 0.0000 0.0000 
48.6239 19 18.6990 0.9568 | 0 117 -1 0.0000 0.0000 0.0000 
49.0605 19 18.7038 0.9570 | 0 118 -1 0.0000 0.0000 0.0000 
48.6713 19 18.7151 0.9576 | 0 119 -1 0.0000 0.0000 0.0000 
48.9692 19 18.7131 0.9575 | 0 120 -1 0.0000 0.0000 0.0000 
49.2102 19 18.7240 0.9580 | 0 121 -1 0.0000 0.0000 0.0000 
48.8759 19 18.7245 0.9581 | 0 122 -1 0.0000 0.0000 0.0000 
48.6665 19 18.7265 0.9582 | 0 123 -1 0.0000 0.0000 0.0000 
48.5555 19 18.7282 0.9583 | 0 124 -1 0.0000 0.0000 0.0000 
48.6855 19 18.7334 0.9585 | 0 125 -1 0.0000 0.0000 0.0000 
48.5343 19 18.7314 0.9584 | 0 126 -1 0.0000 0.0000 0.0000 
49.1449 19 18.7434 0.9590 | 0 127 -1 0.0000 0.0000 0.0000 
48.7092 19 18.7470 0.9592 | 0 128 -1 0.0000 0.0000 0.0000 
48.6760 19 18.7399 0.9589 | 0 129 -1 0.0000 0.0000 0.0000 
48.8019 19 18.7420 0.9590 | 0 130 -1 0.0000 0.0000 0.0000 
48.7852 19 18.7428 0.9590 | 0 131 -1 0.0000 0.0000 0.0000 
49.1449 19 18.7500 0.9594 | 0 132 -1 0.0000 0.0000 0.0000 
49.0244 19 18.7521 0.9595 | 0 133 -1 0.0000 0.0000 0.0000 
48.5131 19 18.7482 0.9593 | 0 134 -1 0.0000 0.0000 0.0000 
48.6642 19 18.7626 0.9600 | 0 135 -1 0.0000 0.0000 0.0000 
48.9620 19 18.7633 0.9601 | 0 136 -1 0.0000 0.0000 0.0000 
48.9812 19 18.7656 0.9602 | 0 137 -1 0.0000 0.0000 0.0000 
49.0990 19 18.7639 0.9601 | 0 138 -1 0.0000 0.0000 0.0000 
48.4660 19 18.7710 0.9605 | 0 139 -1 0.0000 0.0000 0.0000 
48.8114 19 18.7733 0.9606 | 0 140 -1 0.0000 0.0000 0.0000 
48.6476 19 18.7711 0.9605 | 0 141 -1 0.0000 0.0000 0.0000 
48.7567 19 18.7658 0.9602 | 0 142 -1 0.0000 0.0000 0.0000 
48.5390 19 18.7680 0.9603 | 0 143 -1 0.0000 0.0000 0.0000 
48.6689 19 18.7726 0.9605 | 0 144 -1 0.0000 0.0000 0.0000 
48.7401 19 18.7667 0.9602 | 0 145 -1 0.0000 0.0000 0.0000 
49.0172 19 18.7667 0.9602 | 0 146 -1 0.0000 0.0000 0.0000 
48.6476 19 18.7690 0.9603 | 0 147 -1 0.0000 0.0000 0.0000 
48.9860 19 18.7800 0.9609 | 0 148 -1 0.0000 0.0000 0.0000 
48.1974 19 18.7784 0.9608 | 0 149 -1 0.0000 0.0000 0.0000 
48.5178 19 18.7777 0.9608 | 0 150 -1 0.0000 0.0000 0.0000 
49.0220 19 18.7750 0.9607 | 0 151 -1 0.0000 0.0000 0.0000 
48.9309 19 18.7768 0.9607 | 0 152 -1 0.0000 0.0000 0.0000 
49.1400 19 18.7846 0.9611 | 0 153 -1 0.0000 0.0000 0.0000 
48.3957 19 18.7792 0.9609 | 0 154 -1 0.0000 0.0000 0.0000 
48.7900 19 18.7860 0.9612 | 0 155 -1 0.0000 0.0000 0.0000 
48.4121 19 18.7832 0.9611 | 0 156 -1 0.0000 0.0000 0.0000 
49.2078 19 18.7774 0.9608 | 0 157 -1 0.0000 0.0000 0.0000 
48.3793 19 18.7839 0.9611 | 0 158 -1 0.0000 0.0000 0.0000 
48.8926 19 18.7855 0.9612 | 0 159 -1 0.0000 0.0000 0.0000 
49.0605 19 18.7876 0.9613 | 0 160 -1 0.0000 0.0000 0.0000 
49.1425 19 18.7829 0.9611 | 0 161 -1 0.0000 0.0000 0.0000 
48.8210 19 18.7804 0.9609 | 0 162 -1 0.0000 0.0000 0.0000 
48.9261 19 18.7845 0.9611 | 0 163 -1 0.0000 0.0000 0.0000 
48.4637 19 18.7866 0.9612 | 0 164 -1 0.0000 0.0000 0.0000 
48.8735 19 18.7840 0.9611 | 0 165 -1 0.0000 0.0000 0.0000 
48.7187 19 18.7870 0.9613 | 0 166 -1 0.0000 0.0000 0.0000 
49.1521 19 18.7814 0.9610 | 0 167 -1 0.0000 0.0000 0.0000 
48.9572 19 18.7830 0.9611 | 0 168 -1 0.0000 0.0000 0.0000 
48.7353 19 18.7782 0.9608 | 0 169 -1 0.0000 0.0000 0.0000 
48.8281 19 18.7797 0.9609 | 0 170 -1 0.0000 0.0000 0.0000 
49.1521 19 18.7759 0.9607 | 0 171 -1 0.0000 0.0000 0.0000 
48.7615 19 18.7853 0.9612 | 0 172 -1 0.0000 0.0000 0.0000 
48.5720 19 18.7753 0.9607 | 0 173 -1 0.0000 0.0000 0.0000 
48.5696 19 18.7746 0.9606 | 0 174 -1 0.0000 0.0000 0.0000 
48.8711 19 18.7790 0.9609 | 0 175 -1 0.0000 0.0000 0.0000 
49.1425 19 18.7747 0.9606 | 0 176 -1 0.0000 0.0000 0.0000 
48.5037 19 18.7760 0.9607 | 0 177 -1 0.0000 0.0000 0.0000 
48.4004 19 18.7747 0.9606 | 0 178 -1 0.0000 0.0000 0.0000 
49.3998 19 18.7718 0.9605 | 0 179 -1 0.0000 0.0000 0.0000 
48.7519 19 18.7781 0.9608 | 0 180 -1 0.0000 0.0000 0.0000 
48.9165 19 18.7736 0.9606 | 0 181 -1 0.0000 0.0000 0.0000 
48.5225 19 18.7732 0.9606 | 0 182 -1 0.0000 0.0000 0.0000 
48.9237 19 18.7774 0.9608 | 0 183 -1 0.0000 0.0000 0.0000 
48.7163 19 18.7756 0.9607 | 0 184 -1 0.0000 0.0000 0.0000 
48.8067 19 18.7735 0.9606 | 0 185 -1 0.0000 0.0000 0.0000 
48.6689 19 18.7737 0.9606 | 0 186 -1 0.0000 0.0000 0.0000 
49.0485 19 18.7729 0.9605 | 0 187 -1 0.0000 0.0000 0.0000 
49.0172 19 18.7700 0.9604 | 0 188 -1 0.0000 0.0000 0.0000 
49.1884 19 18.7717 0.9605 | 0 189 -1 0.0000 0.0000 0.0000 
48.8759 19 18.7716 0.9605 | 0 190 -1 0.0000 0.0000 0.0000 
49.0798 19 18.7709 0.9604 | 0 191 -1 0.0000 0.0000 0.0000 
48.9356 19 18.7723 0.9605 | 0 192 -1 0.0000 0.0000 0.0000 
48.7805 19 18.7696 0.9604 | 0 193 -1 0.0000 0.0000 0.0000 
49.1787 19 18.7704 0.9604 | 0 194 -1 0.0000 0.0000 0.0000 
48.7045 19 18.7628 0.9600 | 0 195 -1 0.0000 0.0000 0.0000 
48.7140 19 18.7682 0.9603 | 0 196 -1 0.0000 0.0000 0.0000 
48.7519 19 18.7727 0.9605 | 0 197 -1 0.0000 0.0000 0.0000 
49.0364 19 18.7656 0.9602 | 0 198 -1 0.0000 0.0000 0.0000 
48.6902 19 18.7662 0.9602 | 0 199 -1 0.0000 0.0000 0.0000 
48.6192 19 18.7646 0.9601 | 0 200 -1 0.0000 0.0000 0.0000 
49.0124 19 18.7708 0.9604 | 0 201 -1 0.0000 0.0000 0.0000 
48.8711 19 18.7693 0.9604 | 0 202 -1 0.0000 0.0000 0.0000 
48.6855 19 18.7664 0.9602 | 0 203 -1 0.0000 0.0000 0.0000 
48.8711 19 18.7621 0.9600 | 0 204 -1 0.0000 0.0000 0.0000 
48.9189 19 18.7614 0.9600 | 0 205 -1 0.0000 0.0000 0.0000 
48.6050 19 18.7573 0.9597 | 0 206 -1 0.0000 0.0000 0.0000 
48.8520 19 18.7546 0.9596 | 0 207 -1 0.0000 0.0000 0.0000 
49.1039 19 18.7536 0.9596 | 0 208 -1 0.0000 0.0000 0.0000 
48.8496 19 18.7506 0.9594 | 0 209 -1 0.0000 0.0000 0.0000 
48.6736 19 18.7557 0.9597 | 0 210 -1 0.0000 0.0000 0.0000 
49.1811 19 18.7526 0.9595 | 0 211 -1 0.0000 0.0000 0.0000 
48.8687 19 18.7469 0.9592 | 0 212 -1 0.0000 0.0000 0.0000 
48.5909 19 18.7521 0.9595 | 0 213 -1 0.0000 0.0000 0.0000 
48.6476 19 18.7469 0.9592 | 0 214 -1 0.0000 0.0000 0.0000 
48.9237 19 18.7449 0.9591 | 0 215 -1 0.0000 0.0000 0.0000 
48.9908 19 18.7393 0.9588 | 0 216 -1 0.0000 0.0000 0.0000 
49.0846 19 18.7386 0.9588 | 0 217 -1 0.0000 0.0000 0.0000 
48.4778 19 18.7387 0.9588 | 0 218 -1 0.0000 0.0000 0.0000 
48.7924 19 18.7356 0.9586 | 0 219 -1 0.0000 0.0000 0.0000 
49.3145 19 18.7333 0.9585 | 0 220 -1 0.0000 0.0000 0.0000 
48.6665 19 18.7297 0.9583 | 0 221 -1 0.0000 0.0000 0.0000 
48.5437 19 18.7207 0.9579 | 0 222 -1 0.0000 0.0000 0.0000 
48.8329 19 18.7302 0.9584 | 0 223 -1 0.0000 0.0000 0.0000 
48.8902 19 18.7255 0.9581 | 0 224 -1 0.0000 0.0000 0.0000 
49.1594 19 18.7205 0.9579 | 0 225 -1 0.0000 0.0000 0.0000 
48.4074 19 18.7134 0.9575 | 0 226 -1 0.0000 0.0000 0.0000 
48.7424 19 18.7141 0.9575 | 0 227 -1 0.0000 0.0000 0.0000 
48.8138 19 18.7190 0.9578 | 0 228 -1 0.0000 0.0000 0.0000 
49.1715 19 18.7127 0.9575 | 0 229 -1 0.0000 0.0000 0.0000 
48.5720 19 18.7047 0.9571 | 0 230 -1 0.0000 0.0000 0.0000 
48.5178 19 18.7053 0.9571 | 0 231 -1 0.0000 0.0000 0.0000 
48.8544 19 18.7042 0.9570 | 0 232 -1 0.0000 0.0000 0.0000 
49.1570 19 18.7076 0.9572 | 0 233 -1 0.0000 0.0000 0.0000 
48.9716 19 18.6974 0.9567 | 0 234 -1 0.0000 0.0000 0.0000 
48.8138 19 18.6958 0.9566 | 0 235 -1 0.0000 0.0000 0.0000 
48.9644 19 18.6991 0.9568 | 0 236 -1 0.0000 0.0000 0.0000 
49.0172 19 18.6999 0.9568 | 0 237 -1 0.0000 0.0000 0.0000 
49.1039 19 18.6917 0.9564 | 0 238 -1 0.0000 0.0000 0.0000 
49.2271 19 18.6920 0.9564 | 0 239 -1 0.0000 0.0000 0.0000 
48.8735 19 18.6927 0.9564 | 0 240 -1 0.0000 0.0000 0.0000 
48.9716 19 18.6890 0.9563 | 0 241 -1 0.0000 0.0000 0.0000 
48.6287 19 18.6836 0.9560 | 0 242 -1 0.0000 0.0000 0.0000 
48.7924 19 18.6892 0.9563 | 0 243 -1 0.0000 0.0000 0.0000 
48.8950 19 18.6819 0.9559 | 0 244 -1 0.0000 0.0000 0.0000 
49.2562 19 18.6873 0.9562 | 0 245 -1 0.0000 0.0000 0.0000 
48.8091 19 18.6756 0.9556 | 0 246 -1 0.0000 0.0000 0.0000 
49.0798 19 18.6811 0.9558 | 0 247 -1 0.0000 0.0000 0.0000 
49.1400 19 18.6713 0.9554 | 0 248 -1 0.0000 0.0000 0.0000 
48.7329 19 18.6790 0.9557 | 0 249 -1 0.0000 0.0000 0.0000 
48.4215 19 18.6753 0.9556 | 0 250 -1 0.0000 0.0000 0.0000 
49.0028 19 18.6724 0.9554 | 0 251 -1 0.0000 0.0000 0.0000 
48.6263 19 18.6719 0.9554 | 0 252 -1 0.0000 0.0000 0.0000 
48.8520 19 18.6703 0.9553 | 0 253  3 2.5787 12.8935 42.2929 
49.2684 19 18.6609 0.9548 | 0 254  3 2.7042 13.5211 42.2641 
48.6381 19 18.6665 0.9551 | 0 255  3 2.7770 13.8850 42.2245 
48.5413 19 18.6666 0.9551 | 0 256  3 2.8243 14.1215 42.1741 
49.0172 19 18.6608 0.9548 | 0 257  3 2.8573 14.2867 42.1132 
49.1957 19 18.6664 0.9551 | 0 258  3 2.8816 14.4082 42.0414 
48.5037 19 18.6623 0.9549 | 0 259  3 2.9002 14.5009 41.9591 
48.8639 19 18.6643 0.9550 | 0 260  3 2.9147 14.5736 41.8661 
49.1352 19 18.6651 0.9550 | 0 261  3 2.9264 14.6319 41.7624 
49.1063 19 18.6771 0.9556 | 0 262  3 2.9359 14.6795 41.6481 
48.5296 19 18.6751 0.9555 | 0 263  3 2.9438 14.7189 41.5233 
48.8520 19 18.6749 0.9555 | 0 264  3 2.9504 14.7519 41.3879 
48.6926 19 18.6682 0.9552 | 0 265  3 2.9560 14.7798 41.2420 
49.0412 19 18.6663 0.9551 | 0 266  3 2.9607 14.8036 41.0858 
48.4051 19 18.6631 0.9549 | 0 267  3 2.9648 14.8240 40.9191 
48.8806 19 18.6603 0.9548 | 0 268  3 2.9683 14.8417 40.7421 
48.6098 19 18.6695 0.9553 | 0 269  3 2.9714 14.8570 40.5547 
48.4379 19 18.6654 0.9550 | 0 270  3 2.9741 14.8703 40.3571 
49.0220 19 18.6699 0.9553 | 0 271  3 2.9764 14.8820 40.1492 
48.5814 19 18.6523 0.9544 | 0 272  3 2.9785 14.8923 39.9314 
48.8424 19 18.6574 0.9546 | 0 273  3 2.9803 14.9013 39.7034 
48.7448 19 18.6628 0.9549 | 0 274  3 2.9819 14.9093 39.4654 
48.4872 19 18.6596 0.9548 | 0 275  3 2.9833 14.9163 39.2174 
48.7282 19 18.6729 0.9554 | 0 276  3 2.9845 14.9225 38.9594 
48.8687 19 18.6769 0.9556 | 0 277  3 2.9856 14.9280 38.6915 
48.4990 19 18.6864 0.9561 | 0 278  3 2.9866 14.9329 38.4137 
49.0846 19 18.6947 0.9565 | 0 279  3 2.9874 14.9372 38.1262 
48.8878 19 18.6880 0.9562 | 0 280  3 2.9882 14.9411 37.8293 
49.2514 19 18.6781 0.9557 | 0 281  3 2.9889 14.9445 37.5230 
48.7092 19 18.6791 0.9557 | 0 282  3 2.9895 14.9475 37.2073 
48.9764 19 18.6747 0.9555 | 0 283  3 2.9900 14.9502 36.8825 
48.7306 19 18.6633 0.9549 | 0 284  3 2.9905 14.9525 36.5486 
48.6665 19 18.6666 0.9551 | 0 285  3 2.9909 14.9546 36.2057 
48.6500 19 18.6649 0.9550 | 0 286  3 2.9913 14.9565 35.8538 
48.5861 19 18.6588 0.9547 | 0 287  3 2.9916 14.9581 35.4932 
48.9860 19 18.6554 0.9545 | 0 288  3 2.9919 14.9595 35.1240 
49.2126 19 18.6569 0.9546 | 0 289  3 2.9922 14.9608 34.7462 
49.0798 19 18.6594 0.9547 | 0 290  3 2.9924 14.9619 34.3600 
48.7187 19 18.6661 0.9551 | 0 291  3 2.9926 14.9628 33.9654 
48.9956 19 18.6729 0.9554 | 0 292  3 2.9927 14.9636 33.5627 
49.1304 19 18.6777 0.9557 | 0 293  3 2.9929 14.9643 33.1522 
48.2137 19 18.6769 0.9556 | 0 294  3 2.9930 14.9649 32.7344 
48.5743 19 18.6788 0.9557 | 0 295  3 2.9931 14.9653 32.3099 
48.8568 19 18.6809 0.9558 | 0 296  3 2.9931 14.9657 31.8796 
48.7282 19 18.6686 0.9552 | 0 297  3 2.9932 14.9658 31.4457 
48.8902 19 18.6701 0.9553 | 0 298  3 2.9932 14.9660 31.0129 
48.5154 19 18.6705 0.9553 | 0 299  3 2.9933 14.9667 30.6004 
49.2781 19 18.6713 0.9553 | 0 300  3 2.9956 14.9782 30.3599 
49.0581 19 18.6599 0.9548 | 0 301  3 3.0007 15.0034 30.4334 
48.9812 19 18.6547 0.9545 | 0 302  3 3.0037 15.0183 30.6996 
49.0773 19 18.6673 0.9551 | 0 303  3 3.0048 15.0241 31.0791 
48.4966 19 18.6666 0.9551 | 0 304  3 3.0054 15.0269 31.4920 
48.9189 19 18.6693 0.9552 | 0 305  3 3.0057 15.0286 31.9119 
48.7187 19 18.6708 0.9553 | 0 306  3 3.0060 15.0298 32.3305 
48.8210 19 18.6744 0.9555 | 0 307  3 3.0061 15.0307 32.7444 
49.3316 19 18.6808 0.9558 | 0 308  3 3.0063 15.0315 33.1523 
48.7472 19 18.6863 0.9561 | 0 309  3 3.0064 15.0321 33.5532 
48.7234 19 18.6825 0.9559 | 0 310  3 3.0065 15.0326 33.9465 
49.1884 19 18.6949 0.9566 | 0 311  3 3.0066 15.0331 34.3321 
49.0461 19 18.6901 0.9563 | 0 312  3 3.0067 15.0334 34.7094 
48.6476 19 18.7022 0.9569 | 0 313  3 3.0067 15.0337 35.0785 
48.8472 19 18.7003 0.9568 | 0 314  3 3.0068 15.0338 35.4389 
48.9356 19 18.7048 0.9571 | 0 315  3 3.0067 15.0337 35.7907 
49.0100 19 18.6922 0.9564 | 0 316  3 3.0067 15.0336 36.1333 
49.0822 19 18.6908 0.9563 | 0 317  3 3.0066 15.0332 36.4669 
48.2719 19 18.7009 0.9569 | 0 318  3 3.0065 15.0327 36.7915 
48.9141 19 18.6961 0.9566 | 0 319  3 3.0064 15.0320 37.1068 
48.6997 19 18.7013 0.9569 | 0 320  3 3.0062 15.0310 37.4128 
48.8043 19 18.7034 0.9570 | 0 321  3 3.0060 15.0298 37.7094 
48.7781 19 18.7017 0.9569 | 0 322  3 3.0057 15.0283 37.9965 
49.0412 19 18.7012 0.9569 | 0 323  3 3.0053 15.0264 38.2739 
49.0004 19 18.6990 0.9568 | 0 324  3 3.0048 15.0241 38.5415 
49.1666 19 18.7025 0.9569 | 0 325  3 3.0043 15.0214 38.7995 
48.5885 19 18.6962 0.9566 | 0 326  3 3.0036 15.0182 39.0474 
48.6997 19 18.6913 0.9564 | 0 327  3 3.0029 15.0143 39.2854 
48.8806 19 18.6942 0.9565 | 0 328  3 3.0020 15.0098 39.5134 
48.9956 19 18.6898 0.9563 | 0 329  3 3.0009 15.0046 39.7312 
48.5578 19 18.6938 0.9565 | 0 330  3 2.9997 14.9983 39.9390 
48.8615 19 18.6930 0.9565 | 0 331  3 2.9982 14.9911 40.1366 
48.4379 19 18.6933 0.9565 | 0 332  3 2.9965 14.9826 40.3239 
48.8138 19 18.6836 0.9560 | 0 333  3 2.9945 14.9726 40.5008 
48.6098 19 18.6859 0.9561 | 0 334  3 2.9922 14.9608 40.6674 
48.6855 19 18.6958 0.9566 | 0 335  3 2.9894 14.9469 40.8237 
48.7591 19 18.6893 0.9563 | 0 336  3 2.9861 14.9304 40.9695 
48.8974 19 18.6797 0.9558 | 0 337  3 2.9822 14.9108 41.1047 
49.2199 19 18.6912 0.9564 | 0 338  3 2.9774 14.8872 41.2295 
48.7448 19 18.6806 0.9558 | 0 339  3 2.9717 14.8585 41.3436 
48.9213 19 18.6821 0.9559 | 0 340  3 2.9647 14.8234 41.4472 
48.6689 19 18.6852 0.9561 | 0 341  3 2.9559 14.7796 41.5402 
48.2463 19 18.6822 0.9559 | 0 342  3 2.9448 14.7240 41.6226 
48.8138 19 18.6843 0.9560 | 0 343  3 2.9304 14.6518 41.6943 
48.8663 19 18.6814 0.9559 | 0 344  3 2.9110 14.5552 41.7553 
49.0918 19 18.6836 0.9560 | 0 345  3 2.8841 14.4204 41.8057 
48.5225 19 18.6863 0.9561 | 0 346  3 2.8442 14.2209 41.8453 
48.7092 19 18.6802 0.9558 | 0 347  3 2.7798 13.8988 41.8743 
48.9333 19 18.6765 0.9556 | 0 348  3 2.6595 13.2976 41.8925 
44.5891 19 18.6818 0.9559 | 0 349 -1 0.0000 0.0000 0.0000 
48.5767 19 18.6736 0.9555 | 0 350 -1 0.0000 0.0000 0.0000 
48.8138 19 18.6746 0.9555 | 0 351 -1 0.0000 0.0000 0.0000 
49.1014 19 18.6757 0.9556 | 0 352 -1 0.0000 0.0000 0.0000 
48.8591 19 18.6728 0.9554 | 0 353 -1 0.0000 0.0000 0.0000 
48.3816 19 18.6727 0.9554 | 0 354 -1 0.0000 0.0000 0.0000 
48.4355 19 18.6731 0.9554 | 0 355 -1 0.0000 0.0000 0.0000 
48.5602 19 18.6724 0.9554 | 0 356 -1 0.0000 0.0000 0.0000 
48.7211 19 18.6746 0.9555 | 0 357 -1 0.0000 0.0000 0.0000 
48.3910 19 18.6688 0.9552 | 0 358 -1 0.0000 0.0000 0.0000 
49.0509 19 18.6705 0.9553 | 0 359 -1 0.0000 0.0000 0.0000 
48.8162 19 18.6697 0.9553 | 0 360 -1 0.0000 0.0000 0.0000 
48.4285 19 18.6696 0.9553 | 0 361 -1 0.0000 0.0000 0.0000 
48.9884 19 18.6753 0.9556 | 0 362 -1 0.0000 0.0000 0.0000 
45.9728 19 18.6736 0.9555 | 0 363 -1 0.0000 0.0000 0.0000 
48.5296 19 18.6694 0.9553 | 0 364 -1 0.0000 0.0000 0.0000 
48.5460 19 18.6762 0.9556 | 0 365 -1 0.0000 0.0000 0.0000 
48.8353 19 18.6760 0.9556 | 0 366 -1 0.0000 0.0000 0.0000 
48.4238 19 18.6808 0.9558 | 0 367 -1 0.0000 0.0000 0.0000 
48.7282 19 18.6723 0.9554 | 0 368 -1 0.0000 0.0000 0.0000 
48.5673 19 18.6834 0.9560 | 0 369 -1 0.0000 0.0000 0.0000 
48.7543 19 18.6813 0.9559 | 0 370 -1 0.0000 0.0000 0.0000 
48.7805 19 18.6906 0.9563 | 0 371 -1 0.0000 0.0000 0.0000 
48.7021 19 18.6834 0.9560 | 0 372 -1 0.0000 0.0000 0.0000 
49.1860 19 18.6839 0.9560 | 0 373 -1 0.0000 0.0000 0.0000 
48.8568 19 18.6804 0.9558 | 0 374 -1 0.0000 0.0000 0.0000 
48.8830 19 18.6818 0.9559 | 0 375 -1 0.0000 0.0000 0.0000 
48.9596 19 18.6863 0.9561 | 0 376 -1 0.0000 0.0000 0.0000 
49.0364 19 18.6836 0.9560 | 0 377 -1 0.0000 0.0000 0.0000 
48.6003 19 18.6814 0.9559 | 0 378 -1 0.0000 0.0000 0.0000 
49.0461 19 18.6749 0.9555 | 0 379 -1 0.0000 0.0000 0.0000 
48.4872 19 18.6807 0.9558 | 0 380 -1 0.0000 0.0000 0.0000 
48.3045 19 18.6826 0.9559 | 0 381 -1 0.0000 0.0000 0.0000 
48.8639 19 18.6764 0.9556 | 0 382 -1 0.0000 0.0000 0.0000 
48.7781 19 18.6800 0.9558 | 0 383 -1 0.0000 0.0000 0.0000 
48.8830 19 18.6742 0.9555 | 0 384 -1 0.0000 0.0000 0.0000 
48.3840 19 18.6783 0.9557 | 0 385 -1 0.0000 0.0000 0.0000 
48.9572 19 18.6755 0.9556 | 0 386 -1 0.0000 0.0000 0.0000 
48.9932 19 18.6729 0.9554 | 0 387 -1 0.0000 0.0000 0.0000 
48.8615 19 18.6739 0.9555 | 0 388 -1 0.0000 0.0000 0.0000 
48.6997 19 18.6769 0.9556 | 0 389 -1 0.0000 0.0000 0.0000 
48.8663 19 18.6737 0.9555 | 0 390 -1 0.0000 0.0000 0.0000 
48.6736 19 18.6782 0.9557 | 0 391 -1 0.0000 0.0000 0.0000 
49.2174 19 18.6796 0.9558 | 0 392 -1 0.0000 0.0000 0.0000 
49.0942 19 18.6738 0.9555 | 0 393 -1 0.0000 0.0000 0.0000 
48.8329 19 18.6658 0.9551 | 0 394 -1 0.0000 0.0000 0.0000 
48.2486 19 18.6831 0.9560 | 0 395 -1 0.0000 0.0000 0.0000 
48.8353 19 18.6694 0.9552 | 0 396 -1 0.0000 0.0000 0.0000 
48.9932 19 18.6695 0.9553 | 0 397 -1 0.0000 0.0000 0.0000 
48.8950 19 18.6713 0.9553 | 0 398 -1 0.0000 0.0000 0.0000 
48.3770 19 18.6720 0.9554 | 0 399 -1 0.0000 0.0000 0.0000 
48.7519 19 18.6780 0.9557 | 0 400 -1 0.0000 0.0000 0.0000 
48.7971 19 18.6789 0.9557 | 0 401 -1 0.0000 0.0000 0.0000 
48.9141 19 18.6714 0.9554 | 0 402 -1 0.0000 0.0000 0.0000 
49.1666 19 18.6727 0.9554 | 0 403 -1 0.0000 0.0000 0.0000 
48.6855 19 18.6690 0.9552 | 0 404 -1 0.0000 0.0000 0.0000 
48.9572 19 18.6667 0.9551 | 0 405 -1 0.0000 0.0000 0.0000 
48.3232 19 18.6748 0.9555 | 0 406 -1 0.0000 0.0000 0.0000 
48.5979 19 18.6745 0.9555 | 0 407 -1 0.0000 0.0000 0.0000 
48.7948 19 18.6742 0.9555 | 0 408 -1 0.0000 0.0000 0.0000 
48.7781 19 18.6783 0.9557 | 0 409 -1 0.0000 0.0000 0.0000 
49.0461 19 18.6755 0.9556 | 0 410 -1 0.0000 0.0000 0.0000 
48.9261 19 18.6750 0.9555 | 0 411 -1 0.0000 0.0000 0.0000 
48.6784 19 18.6807 0.9558 | 0 412 -1 0.0000 0.0000 0.0000 
49.1183 19 18.6772 0.9557 | 0 413 -1 0.0000 0.0000 0.0000 
49.1063 19 18.6745 0.9555 | 0 414 -1 0.0000 0.0000 0.0000 
49.0412 19 18.6789 0.9557 | 0 415 -1 0.0000 0.0000 0.0000 
49.0822 19 18.6645 0.9550 | 0 416 -1 0.0000 0.0000 0.0000 
48.5366 19 18.6702 0.9553 | 0 417 -1 0.0000 0.0000 0.0000 
48.4848 19 18.6709 0.9553 | 0 418 -1 0.0000 0.0000 0.0000 
48.8950 19 18.6670 0.9551 | 0 419 -1 0.0000 0.0000 0.0000 
49.1304 19 18.6709 0.9553 | 0 420 -1 0.0000 0.0000 0.0000 
48.9884 19 18.6715 0.9554 | 0 421 -1 0.0000 0.0000 0.0000 
48.9213 19 18.6646 0.9550 | 0 422 -1 0.0000 0.0000 0.0000 
48.8162 19 18.6610 0.9548 | 0 423 -1 0.0000 0.0000 0.0000 
48.9884 19 18.6666 0.9551 | 0 424 -1 0.0000 0.0000 0.0000 
48.3980 19 18.6631 0.9549 | 0 425 -1 0.0000 0.0000 0.0000 
48.9692 19 18.6619 0.9549 | 0 426 -1 0.0000 0.0000 0.0000 
48.7781 19 18.6513 0.9543 | 0 427 -1 0.0000 0.0000 0.0000 
48.4238 19 18.6632 0.9549 | 0 428 -1 0.0000 0.0000 0.0000 
48.7591 19 18.6537 0.9544 | 0 429 -1 0.0000 0.0000 0.0000 
48.8544 19 18.6605 0.9548 | 0 430 -1 0.0000 0.0000 0.0000 
48.4144 19 18.6612 0.9548 | 0 431 -1 0.0000 0.0000 0.0000 
48.7306 19 18.6620 0.9549 | 0 432 -1 0.0000 0.0000 0.0000 
48.7187 19 18.6600 0.9548 | 0 433 -1 0.0000 0.0000 0.0000 
48.9524 19 18.6636 0.9550 | 0 434 -1 0.0000 0.0000 0.0000 
48.6121 19 18.6662 0.9551 | 0 435 -1 0.0000 0.0000 0.0000 
49.0340 19 18.6712 0.9553 | 0 436 -1 0.0000 0.0000 0.0000 
48.8806 19 18.6672 0.9551 | 0 437 -1 0.0000 0.0000 0.0000 
48.8591 19 18.6710 0.9553 | 0 438 -1 0.0000 0.0000 0.0000 
48.4614 19 18.6674 0.9552 | 0 439 -1 0.0000 0.0000 0.0000 
49.0316 19 18.6665 0.9551 | 0 440 -1 0.0000 0.0000 0.0000 
48.6760 19 18.6637 0.9550 | 0 441 -1 0.0000 0.0000 0.0000 
48.8353 19 18.6646 0.9550 | 0 442 -1 0.0000 0.0000 0.0000 
48.9141 19 18.6659 0.9551 | 0 443 -1 0.0000 0.0000 0.0000 
48.7068 19 18.6684 0.9552 | 0 444 -1 0.0000 0.0000 0.0000 
49.1957 19 18.6741 0.9555 | 0 445 -1 0.0000 0.0000 0.0000 
48.9812 19 18.6742 0.9555 | 0 446 -1 0.0000 0.0000 0.0000 
48.6500 19 18.6699 0.9553 | 0 447 -1 0.0000 0.0000 0.0000 
48.6547 19 18.6667 0.9551 | 0 448 -1 0.0000 0.0000 0.0000 
48.5696 19 18.6562 0.9546 | 0 449 -1 0.0000 0.0000 0.0000 
48.8329 19 18.6579 0.9547 | 0 450 -1 0.0000 0.0000 0.0000 
48.6452 19 18.6564 0.9546 | 0 451 -1 0.0000 0.0000 0.0000 
48.6027 19 18.6624 0.9549 | 0 452 -1 0.0000 0.0000 0.0000 
48.7662 19 18.6631 0.9549 | 0 453 -1 0.0000 0.0000 0.0000 
48.8711 19 18.6559 0.9546 | 0 454 -1 0.0000 0.0000 0.0000 
49.0894 19 18.6590 0.9547 | 0 455 -1 0.0000 0.0000 0.0000 
49.0172 19 18.6575 0.9546 | 0 456 -1 0.0000 0.0000 0.0000 
48.8520 19 18.6577 0.9547 | 0 457 -1 0.0000 0.0000 0.0000 
48.5743 19 18.6643 0.9550 | 0 458 -1 0.0000 0.0000 0.0000 
48.6618 19 18.6603 0.9548 | 0 459 -1 0.0000 0.0000 0.0000 
48.8639 19 18.6601 0.9548 | 0 460 -1 0.0000 0.0000 0.0000 
48.9644 19 18.6571 0.9546 | 0 461 -1 0.0000 0.0000 0.0000 
49.0701 19 18.6481 0.9542 | 0 462 -1 0.0000 0.0000 0.0000 
49.0461 19 18.6510 0.9543 | 0 463 -1 0.0000 0.0000 0.0000 
48.5838 19 18.6486 0.9542 | 0 464 -1 0.0000 0.0000 0.0000 
48.5037 19 18.6519 0.9544 | 0 465 -1 0.0000 0.0000 0.0000 
48.6169 19 18.6564 0.9546 | 0 466 -1 0.0000 0.0000 0.0000 
48.7710 19 18.6553 0.9545 | 0 467 -1 0.0000 0.0000 0.0000 
48.3606 19 18.6553 0.9545 | 0 468 -1 0.0000 0.0000 0.0000 
49.0340 19 18.6592 0.9547 | 0 469 -1 0.0000 0.0000 0.0000 
48.6050 19 18.6565 0.9546 | 0 470 -1 0.0000 0.0000 0.0000 
48.7805 19 18.6583 0.9547 | 0 471 -1 0.0000 0.0000 0.0000 
48.9404 19 18.6509 0.9543 | 0 472 -1 0.0000 0.0000 0.0000 
48.6500 19 18.6549 0.9545 | 0 473 -1 0.0000 0.0000 0.0000 
48.9333 19 18.6555 0.9545 | 0 474 -1 0.0000 0.0000 0.0000 
48.7829 19 18.6535 0.9544 | 0 475 -1 0.0000 0.0000 0.0000 
48.9213 19 18.6517 0.9543 | 0 476 -1 0.0000 0.0000 0.0000 
49.1352 19 18.6495 0.9542 | 0 477 -1 0.0000 0.0000 0.0000 
49.0124 19 18.6557 0.9546 | 0 478 -1 0.0000 0.0000 0.0000 
48.8210 19 18.6445 0.9540 | 0 479 -1 0.0000 0.0000 0.0000 
48.6074 19 18.6505 0.9543 | 0 480 -1 0.0000 0.0000 0.0000 
49.0773 19 18.6396 0.9537 | 0 481 -1 0.0000 0.0000 0.0000 
49.1111 19 18.6399 0.9537 | 0 482 -1 0.0000 0.0000 0.0000 
48.7068 19 18.6296 0.9532 | 0 483 -1 0.0000 0.0000 0.0000 
49.0100 19 18.6306 0.9533 | 0 484 -1 0.0000 0.0000 0.0000 
49.0316 19 18.6318 0.9533 | 0 485 -1 0.0000 0.0000 0.0000 
48.4754 19 18.6287 0.9532 | 0 486 -1 0.0000 0.0000 0.0000 
48.8544 19 18.6323 0.9534 | 0 487 -1 0.0000 0.0000 0.0000 
48.6926 19 18.6251 0.9530 | 0 488 -1 0.0000 0.0000 0.0000 
48.6405 19 18.6376 0.9536 | 0 489 -1 0.0000 0.0000 0.0000 
48.4872 19 18.6357 0.9535 | 0 490 -1 0.0000 0.0000 0.0000 
48.8043 19 18.6306 0.9533 | 0 491 -1 0.0000 0.0000 0.0000 
48.7353 19 18.6324 0.9534 | 0 492 -1 0.0000 0.0000 0.0000 
48.5649 19 18.6268 0.9531 | 0 493 -1 0.0000 0.0000 0.0000 
48.8711 19 18.6299 0.9532 | 0 494 -1 0.0000 0.0000 0.0000 
49.1280 19 18.6375 0.9536 | 0 495 -1 0.0000 0.0000 0.0000 
48.7234 19 18.6371 0.9536 | 0 496 -1 0.0000 0.0000 0.0000 
48.2952 19 18.6374 0.9536 | 0 497 -1 0.0000 0.0000 0.0000 
48.6523 19 18.6277 0.9531 | 0 498 -1 0.0000 0.0000 0.0000 
46.9065 19 18.6328 0.9534 | 0 499 -1 0.0000 0.0000 0.0000 
48.3302 19 18.6289 0.9532 | 0 500 -1 0.0000 0.0000 0.0000 
48.6689 19 18.6338 0.9534 | 0 501 -1 0.0000 0.0000 0.0000 
48.9261 19 18.6288 0.9532 | 0 502 -1 0.0000 0.0000 0.0000 
48.7448 19 18.6358 0.9535 | 0 503 -1 0.0000 0.0000 0.0000 
48.7710 19 18.6337 0.9534 | 0 504 -1 0.0000 0.0000 0.0000 
49.0725 19 18.6350 0.9535 | 0 505 -1 0.0000 0.0000 0.0000 
48.9908 19 18.6313 0.9533 | 0 506 -1 0.0000 0.0000 0.0000 
48.9644 19 18.6337 0.9534 | 0 507 -1 0.0000 0.0000 0.0000 
48.9165 19 18.6261 0.9530 | 0 508 -1 0.0000 0.0000 0.0000 
49.4242 19 18.6204 0.9527 | 0 509 -1 0.0000 0.0000 0.0000 
48.6074 19 18.6142 0.9524 | 0 510 -1 0.0000 0.0000 0.0000 
48.8138 19 18.6323 0.9534 | 0 511 -1 0.0000 0.0000 0.0000 
48.9045 19 18.6309 0.9533 | 0 512 -1 0.0000 0.0000 0.0000 
49.2951 19 18.6248 0.9530 | 0 513 -1 0.0000 0.0000 0.0000 
49.1231 19 18.6210 0.9528 | 0 514 -1 0.0000 0.0000 0.0000 
48.8210 19 18.6146 0.9525 | 0 515 -1 0.0000 0.0000 0.0000 
48.5484 19 18.6218 0.9528 | 0 516 -1 0.0000 0.0000 0.0000 
48.6098 19 18.6204 0.9527 | 0 517 -1 0.0000 0.0000 0.0000 
49.0966 19 18.6197 0.9527 | 0 518 -1 0.0000 0.0000 0.0000 
48.6571 19 18.6213 0.9528 | 0 519 -1 0.0000 0.0000 0.0000 
49.2368 19 18.6195 0.9527 | 0 520 -1 0.0000 0.0000 0.0000 
48.5720 19 18.6174 0.9526 | 0 521 -1 0.0000 0.0000 0.0000 
48.1788 19 18.6183 0.9526 | 0 522 -1 0.0000 0.0000 0.0000 
48.4896 19 18.6153 0.9525 | 0 523 -1 0.0000 0.0000 0.0000 
48.8424 19 18.6198 0.9527 | 0 524 -1 0.0000 0.0000 0.0000 
48.6618 19 18.6205 0.9527 | 0 525 -1 0.0000 0.0000 0.0000 
49.0196 19 18.6297 0.9532 | 0 526 -1 0.0000 0.0000 0.0000 
49.0557 19 18.6145 0.9524 | 0 527 -1 0.0000 0.0000 0.0000 
48.9788 19 18.6153 0.9525 | 0 528 -1 0.0000 0.0000 0.0000 
48.7591 19 18.6232 0.9529 | 0 529 -1 0.0000 0.0000 0.0000 
48.7948 19 18.6131 0.9524 | 0 530 -1 0.0000 0.0000 0.0000 
48.5366 19 18.6201 0.9527 | 0 531 -1 0.0000 0.0000 0.0000 
49.0461 19 18.6049 0.9520 | 0 532 -1 0.0000 0.0000 0.0000 
48.6310 19 18.6148 0.9525 | 0 533 -1 0.0000 0.0000 0.0000 
48.7876 19 18.6158 0.9525 | 0 534 -1 0.0000 0.0000 0.0000 
48.9980 19 18.6204 0.9527 | 0 535 -1 0.0000 0.0000 0.0000 
48.4051 19 18.6261 0.9530 | 0 536 -1 0.0000 0.0000 0.0000 
48.4402 19 18.6195 0.9527 | 0 537 -1 0.0000 0.0000 0.0000 
48.5696 19 18.6194 0.9527 | 0 538 -1 0.0000 0.0000 0.0000 
49.1087 19 18.6210 0.9528 | 0 539 -1 0.0000 0.0000 0.0000 
49.0316 19 18.6245 0.9530 | 0 540 -1 0.0000 0.0000 0.0000 
48.3162 19 18.6247 0.9530 | 0 541 -1 0.0000 0.0000 0.0000 
48.7710 19 18.6309 0.9533 | 0 542 -1 0.0000 0.0000 0.0000 
48.8759 19 18.6250 0.9530 | 0 543 -1 0.0000 0.0000 0.0000 
49.1352 19 18.6326 0.9534 | 0 544 -1 0.0000 0.0000 0.0000 
48.7163 19 18.6186 0.9527 | 0 545 -1 0.0000 0.0000 0.0000 
48.7187 19 18.6237 0.9529 | 0 546 -1 0.0000 0.0000 0.0000 
48.9476 19 18.6252 0.9530 | 0 547 -1 0.0000 0.0000 0.0000 
48.5767 19 18.6351 0.9535 | 0 548 -1 0.0000 0.0000 0.0000 
48.7733 19 18.6239 0.9529 | 0 549 -1 0.0000 0.0000 0.0000 
49.1039 19 18.6243 0.9529 | 0 550 -1 0.0000 0.0000 0.0000 
48.6452 19 18.6298 0.9532 | 0 551 -1 0.0000 0.0000 0.0000 
48.8615 19 18.6313 0.9533 | 0 552 -1 0.0000 0.0000 0.0000 
48.8615 19 18.6298 0.9532 | 0 553 -1 0.0000 0.0000 0.0000 
48.4074 19 18.6257 0.9530 | 0 554 -1 0.0000 0.0000 0.0000 
48.7306 19 18.6298 0.9532 | 0 555 -1 0.0000 0.0000 0.0000 
48.6287 19 18.6297 0.9532 | 0 556 -1 0.0000 0.0000 0.0000 
48.9045 19 18.6308 0.9533 | 0 557 -1 0.0000 0.0000 0.0000 
48.7021 19 18.6332 0.9534 | 0 558 -1 0.0000 0.0000 0.0000 
48.8281 19 18.6307 0.9533 | 0 559 -1 0.0000 0.0000 0.0000 
48.7045 19 18.6263 0.9530 | 0 560 -1 0.0000 0.0000 0.0000 
48.3606 19 18.6273 0.9531 | 0 561 -1 0.0000 0.0000 0.0000 
48.9476 19 18.6339 0.9534 | 0 562 -1 0.0000 0.0000 0.0000 
49.0364 19 18.6346 0.9535 | 0 563 -1 0.0000 0.0000 0.0000 
48.7733 19 18.6200 0.9527 | 0 564 -1 0.0000 0.0000 0.0000 
49.1425 19 18.6252 0.9530 | 0 565 -1 0.0000 0.0000 0.0000 
49.0942 19 18.6136 0.9524 | 0 566 -1 0.0000 0.0000 0.0000 
48.9452 19 18.6209 0.9528 | 0 567 -1 0.0000 0.0000 0.0000 
48.6334 19 18.6264 0.9531 | 0 568 -1 0.0000 0.0000 0.0000 
48.7876 19 18.6168 0.9526 | 0 569 -1 0.0000 0.0000 0.0000 
48.5460 19 18.6160 0.9525 | 0 570 -1 0.0000 0.0000 0.0000 
49.1715 19 18.6089 0.9522 | 0 571 -1 0.0000 0.0000 0.0000 
48.9764 19 18.6135 0.9524 | 0 572 -1 0.0000 0.0000 0.0000 
48.9524 19 18.6073 0.9521 | 0 573 -1 0.0000 0.0000 0.0000 
48.8114 19 18.6032 0.9519 | 0 574 -1 0.0000 0.0000 0.0000 
48.8114 19 18.6003 0.9517 | 0 575 -1 0.0000 0.0000 0.0000 
48.4919 19 18.5983 0.9516 | 0 576 -1 0.0000 0.0000 0.0000 
48.6973 19 18.5912 0.9513 | 0 577 -1 0.0000 0.0000 0.0000 
48.9333 19 18.5898 0.9512 | 0 578 -1 0.0000 0.0000 0.0000 
48.9045 19 18.5784 0.9506 | 0 579 -1 0.0000 0.0000 0.0000 
48.7353 19 18.5764 0.9505 | 0 580 -1 0.0000 0.0000 0.0000 
49.0990 19 18.5829 0.9508 | 0 581 -1 0.0000 0.0000 0.0000 
48.7615 19 18.5733 0.9503 | 0 582 -1 0.0000 0.0000 0.0000 
49.2854 19 18.5714 0.9502 | 0 583 -1 0.0000 0.0000 0.0000 
48.8043 19 18.5649 0.9499 | 0 584 -1 0.0000 0.0000 0.0000 
49.0798 19 18.5639 0.9499 | 0 585 -1 0.0000 0.0000 0.0000 
48.6050 19 18.5499 0.9491 | 0 586 -1 0.0000 0.0000 0.0000 
48.9476 19 18.5454 0.9489 | 0 587 -1 0.0000 0.0000 0.0000 
48.7496 19 18.5326 0.9483 | 0 588 -1 0.0000 0.0000 0.0000 
48.8735 19 18.5400 0.9486 | 0 589 -1 0.0000 0.0000 0.0000 
48.5932 19 18.5358 0.9484 | 0 590 -1 0.0000 0.0000 0.0000 
49.2441 19 18.5355 0.9484 | 0 591 -1 0.0000 0.0000 0.0000 
48.5508 19 18.5287 0.9481 | 0 592 -1 0.0000 0.0000 0.0000 
48.5178 19 18.5259 0.9479 | 0 593 -1 0.0000 0.0000 0.0000 
48.7496 19 18.5155 0.9474 | 0 594 -1 0.0000 0.0000 0.0000 
48.2649 19 18.5246 0.9478 | 0 595 -1 0.0000 0.0000 0.0000 
48.5272 19 18.5211 0.9477 | 0 596 -1 0.0000 0.0000 0.0000 
49.2854 19 18.5262 0.9479 | 0 597 -1 0.0000 0.0000 0.0000 
48.9141 19 18.5131 0.9473 | 0 598 -1 0.0000 0.0000 0.0000 
48.9644 19 18.5151 0.9474 | 0 599 -1 0.0000 0.0000 0.0000 
48.8162 19 18.5082 0.9470 | 1 600 -1 0.0000 0.0000 0.0000 
48.8043 19 18.5118 0.9472 | 1 600 -1 0.0000 0.0000 0.0000 
49.0364 19 18.5076 0.9470 | 1 600 -1 0.0000 0.0000 0.0000 
48.8234 19 18.5056 0.9469 | 1 600 -1 0.0000 0.0000 0.0000 
49.1400 19 18.5164 0.9474 | 1 600 -1 0.0000 0.0000 0.0000 
48.9644 19 18.5050 0.9468 | 1 600 -1 0.0000 0.0000 0.0000 
48.9620 19 18.5085 0.9470 | 1 600 -1 0.0000 0.0000 0.0000 
48.5956 19 18.5086 0.9470 | 1 600 -1 0.0000 0.0000 0.0000 
48.6121 19 18.5020 0.9467 | 1 600 -1 0.0000 0.0000 0.0000 
48.5861 19 18.5024 0.9467 | 1 600 -1 0.0000 0.0000 0.0000 
48.9045 19 18.5049 0.9468 | 1 600 -1 0.0000 0.0000 0.0000 
48.9788 18 18.4976 0.9465 | 1 600 -1 0.0000 0.0000 0.0000 
49.0172 18 18.4946 0.9463 | 1 600 -1 0.0000 0.0000 0.0000 
48.9932 18 18.4962 0.9464 | 1 600 -1 0.0000 0.0000 0.0000 
48.5484 18 18.4998 0.9466 | 1 600 -1 0.0000 0.0000 0.0000 
49.2223 19 18.5019 0.9467 | 1 600 -1 0.0000 0.0000 0.0000 
48.7401 18 18.4939 0.9463 | 1 600 -1 0.0000 0.0000 0.0000 
48.6855 18 18.4996 0.9466 | 1 600 -1 0.0000 0.0000 0.0000 
48.9476 19 18.5003 0.9466 | 1 600 -1 0.0000 0.0000 0.0000 
49.0124 18 18.4944 0.9463 | 1 600 -1 0.0000 0.0000 0.0000 
48.5107 18 18.4958 0.9464 | 1 600 -1 0.0000 0.0000 0.0000 
49.0701 18 18.4970 0.9464 | 1 600 -1 0.0000 0.0000 0.0000 
48.7829 18 18.4982 0.9465 | 1 600 -1 0.0000 0.0000 0.0000 
48.8257 19 18.5023 0.9467 | 1 600 -1 0.0000 0.0000 0.0000 
48.8377 18 18.4927 0.9462 | 1 600 -1 0.0000 0.0000 0.0000 
48.7092 18 18.4951 0.9463 | 1 600 -1 0.0000 0.0000 0.0000 
48.8782 18 18.4856 0.9458 | 1 600 -1 0.0000 0.0000 0.0000 
48.6973 18 18.4879 0.9460 | 1 600 -1 0.0000 0.0000 0.0000 
48.7948 18 18.4969 0.9464 | 1 600 -1 0.0000 0.0000 0.0000 
49.2102 18 18.4963 0.9464 | 1 600 -1 0.0000 0.0000 0.0000 
48.6973 18 18.4990 0.9465 | 1 600 -1 0.0000 0.0000 0.0000 
49.1570 18 18.4942 0.9463 | 1 600 -1 0.0000 0.0000 0.0000 
48.2719 18 18.4884 0.9460 | 1 600 -1 0.0000 0.0000 0.0000 
48.6784 18 18.4891 0.9460 | 1 600 -1 0.0000 0.0000 0.0000 
49.0172 18 18.4845 0.9458 | 1 600 -1 0.0000 0.0000 0.0000 
49.2708 18 18.4865 0.9459 | 1 600 -1 0.0000 0.0000 0.0000 
48.6736 18 18.4988 0.9465 | 1 600 -1 0.0000 0.0000 0.0000 
49.3048 18 18.4963 0.9464 | 1 600 -1 0.0000 0.0000 0.0000 
48.7924 18 18.4914 0.9461 | 1 600 -1 0.0000 0.0000 0.0000 
49.3998 18 18.4874 0.9459 | 1 600 -1 0.0000 0.0000 0.0000 
48.6452 18 18.4906 0.9461 | 1 600 -1 0.0000 0.0000 0.0000 
48.7021 18 18.4932 0.9462 | 1 600 -1 0.0000 0.0000 0.0000 
48.9884 18 18.4876 0.9459 | 1 600 -1 0.0000 0.0000 0.0000 
48.8663 18 18.4913 0.9461 | 1 600 -1 0.0000 0.0000 0.0000 
49.1207 18 18.4848 0.9458 | 1 600 -1 0.0000 0.0000 0.0000 
48.8186 18 18.4854 0.9458 | 1 600 -1 0.0000 0.0000 0.0000 
48.9548 18 18.4857 0.9459 | 1 600 -1 0.0000 0.0000 0.0000 
48.8424 18 18.4785 0.9455 | 1 600 -1 0.0000 0.0000 0.0000 
48.3302 18 18.4819 0.9457 | 1 600 -1 0.0000 0.0000 0.0000 
48.7353 18 18.4836 0.9457 | 1 600 -1 0.0000 0.0000 0.0000 
48.6169 18 18.4849 0.9458 | 1 600 -1 0.0000 0.0000 0.0000 
48.9093 18 18.4865 0.9459 | 1 600 -1 0.0000 0.0000 0.0000 
49.1594 18 18.4908 0.9461 | 1 600 -1 0.0000 0.0000 0.0000 
49.0653 18 18.4867 0.9459 | 1 600 -1 0.0000 0.0000 0.0000 
49.0725 18 18.4891 0.9460 | 1 600 -1 0.0000 0.0000 0.0000 
48.7282 18 18.4868 0.9459 | 1 600 -1 0.0000 0.0000 0.0000 
49.0773 18 18.4876 0.9460 | 1 600 -1 0.0000 0.0000 0.0000 
48.8568 18 18.4879 0.9460 | 1 600 -1 0.0000 0.0000 0.0000 
49.0340 18 18.4849 0.9458 | 1 600 -1 0.0000 0.0000 0.0000 
49.0822 18 18.4871 0.9459 | 1 600 -1 0.0000 0.0000 0.0000 
48.5413 18 18.4816 0.9456 | 1 600 -1 0.0000 0.0000 0.0000 
49.0918 18 18.4880 0.9460 | 1 600 -1 0.0000 0.0000 0.0000 
48.7995 18 18.4890 0.9460 | 1 600 -1 0.0000 0.0000 0.0000 
48.6169 18 18.4864 0.9459 | 1 600 -1 0.0000 0.0000 0.0000 
48.7021 18 18.4741 0.9453 | 1 600 -1 0.0000 0.0000 0.0000 
48.8974 18 18.4868 0.9459 | 1 600 -1 0.0000 0.0000 0.0000 
48.7662 18 18.4795 0.9455 | 1 600 -1 0.0000 0.0000 0.0000 
48.6500 18 18.4835 0.9457 | 1 600 -1 0.0000 0.0000 0.0000 
48.7805 18 18.4819 0.9457 | 1 600 -1 0.0000 0.0000 0.0000 
49.0581 18 18.4881 0.9460 | 1 600 -1 0.0000 0.0000 0.0000 
48.9668 18 18.4857 0.9459 | 1 600 -1 0.0000 0.0000 0.0000 
49.0196 18 18.4893 0.9460 | 1 600 -1 0.0000 0.0000 0.0000 
48.7377 18 18.4891 0.9460 | 1 600 -1 0.0000 0.0000 0.0000 
48.9692 18 18.4909 0.9461 | 1 600 -1 0.0000 0.0000 0.0000 
48.8759 18 18.4855 0.9458 | 1 600 -1 0.0000 0.0000 0.0000 
48.6689 18 18.4851 0.9458 | 1 600 -1 0.0000 0.0000 0.0000 
48.9572 18 18.4846 0.9458 | 1 600 -1 0.0000 0.0000 0.0000 
48.4262 18 18.4852 0.9458 | 1 600 -1 0.0000 0.0000 0.0000 
49.0076 18 18.4885 0.9460 | 1 600 -1 0.0000 0.0000 0.0000 
48.7615 18 18.4811 0.9456 | 1 600 -1 0.0000 0.0000 0.0000 
48.8162 18 18.4773 0.9454 | 1 600 -1 0.0000 0.0000 0.0000 
48.5484 18 18.4792 0.9455 | 1 600 -1 0.0000 0.0000 0.0000 
48.5366 18 18.4783 0.9455 | 1 600 -1 0.0000 0.0000 0.0000 
48.9141 18 18.4762 0.9454 | 1 600 -1 0.0000 0.0000 0.0000 
48.9404 18 18.4726 0.9452 | 1 600 -1 0.0000 0.0000 0.0000 
48.9620 18 18.4855 0.9458 | 1 600 -1 0.0000 0.0000 0.0000 
48.0700 18 18.4775 0.9454 | 1 600 -1 0.0000 0.0000 0.0000 
48.8926 18 18.4802 0.9456 | 1 600 -1 0.0000 0.0000 0.0000 
49.2708 18 18.4795 0.9455 | 1 600 -1 0.0000 0.0000 0.0000 
48.7116 18 18.4806 0.9456 | 1 600 -1 0.0000 0.0000 0.0000 
49.0124 18 18.4827 0.9457 | 1 600 -1 0.0000 0.0000 0.0000 
49.3657 18 18.4751 0.9453 | 1 600 -1 0.0000 0.0000 0.0000 
49.0244 18 18.4792 0.9455 | 1 600 -1 0.0000 0.0000 0.0000 
49.0052 18 18.4780 0.9455 | 1 600 -1 0.0000 0.0000 0.0000 
48.8448 18 18.4833 0.9457 | 1 600 -1 0.0000 0.0000 0.0000 
49.0412 18 18.4796 0.9455 | 1 600 -1 0.0000 0.0000 0.0000 
48.5154 18 18.4836 0.9457 | 1 600 -1 0.0000 0.0000 0.0000 
48.7995 18 18.4906 0.9461 | 1 600 -1 0.0000 0.0000 0.0000 
48.6050 18 18.4915 0.9461 | 1 600 -1 0.0000 0.0000 0.0000 
48.6665 18 18.4882 0.9460 | 1 600 -1 0.0000 0.0000 0.0000 
48.5154 18 18.4877 0.9460 | 1 600 -1 0.0000 0.0000 0.0000 
49.2393 18 18.4911 0.9461 | 1 600 -1 0.0000 0.0000 0.0000 
49.1400 18 18.4903 0.9461 | 1 600 -1 0.0000 0.0000 0.0000 
49.1159 18 18.4861 0.9459 | 1 600 -1 0.0000 0.0000 0.0000 
48.7662 18 18.4883 0.9460 | 1 600 -1 0.0000 0.0000 0.0000 
48.7781 18 18.4858 0.9459 | 1 600 -1 0.0000 0.0000 0.0000 
48.8400 18 18.4835 0.9457 | 1 600 -1 0.0000 0.0000 0.0000 
48.6145 18 18.4868 0.9459 | 1 600 -1 0.0000 0.0000 0.0000 
49.3048 18 18.4871 0.9459 | 1 600 -1 0.0000 0.0000 0.0000 
48.9261 18 18.4981 0.9465 | 1 600 -1 0.0000 0.0000 0.0000 
49.0028 19 18.5018 0.9467 | 1 600 -1 0.0000 0.0000 0.0000 
49.2538 19 18.5128 0.9472 | 1 600 -1 0.0000 0.0000 0.0000 
48.7615 19 18.5115 0.9472 | 1 600 -1 0.0000 0.0000 0.0000 
48.3933 19 18.5161 0.9474 | 1 600 -1 0.0000 0.0000 0.0000 
48.9548 19 18.5267 0.9479 | 1 600 -1 0.0000 0.0000 0.0000 
48.2463 19 18.5189 0.9475 | 1 600 -1 0.0000 0.0000 0.0000 
48.6476 19 18.5308 0.9482 | 1 600 -1 0.0000 0.0000 0.0000 
48.8735 19 18.5334 0.9483 | 1 600 -1 0.0000 0.0000 0.0000 
49.1666 19 18.5410 0.9487 | 1 600 -1 0.0000 0.0000 0.0000 
48.5979 19 18.5509 0.9492 | 1 600 -1 0.0000 0.0000 0.0000 
49.1014 19 18.5484 0.9491 | 1 600 -1 0.0000 0.0000 0.0000 
48.5555 19 18.5606 0.9497 | 1 600 -1 0.0000 0.0000 0.0000 
48.6500 19 18.5550 0.9494 | 1 600 -1 0.0000 0.0000 0.0000 
48.9860 19 18.5632 0.9498 | 1 600 -1 0.0000 0.0000 0.0000 
48.2439 19 18.5690 0.9501 | 1 600 -1 0.0000 0.0000 0.0000 
48.4778 19 18.5743 0.9504 | 1 600 -1 0.0000 0.0000 0.0000 
48.9285 19 18.5823 0.9508 | 1 600 -1 0.0000 0.0000 0.0000 
48.2672 19 18.5836 0.9509 | 1 600 -1 0.0000 0.0000 0.0000 
48.9117 19 18.5902 0.9512 | 1 600 -1 0.0000 0.0000 0.0000 
48.9069 19 18.5921 0.9513 | 1 600 -1 0.0000 0.0000 0.0000 
48.8830 19 18.5975 0.9516 | 1 600 -1 0.0000 0.0000 0.0000 
49.1256 19 18.5984 0.9516 | 1 600 -1 0.0000 0.0000 0.0000 
48.9309 19 18.6093 0.9522 | 1 600 -1 0.0000 0.0000 0.0000 
48.9692 19 18.6031 0.9519 | 1 600 -1 0.0000 0.0000 0.0000 
48.6027 19 18.6098 0.9522 | 1 600 -1 0.0000 0.0000 0.0000 
49.0364 19 18.6003 0.9517 | 1 600 -1 0.0000 0.0000 0.0000 
48.8400 19 18.6069 0.9521 | 1 600 -1 0.0000 0.0000 0.0000 
48.0908 19 18.6091 0.9522 | 1 600 -1 0.0000 0.0000 0.0000 
49.0436 19 18.6185 0.9526 | 1 600 -1 0.0000 0.0000 0.0000 
49.0725 19 18.6164 0.9525 | 1 600 -1 0.0000 0.0000 0.0000 
48.4943 19 18.6140 0.9524 | 1 600 -1 0.0000 0.0000 0.0000 
48.9356 19 18.6194 0.9527 | 1 600 -1 0.0000 0.0000 0.0000 
48.3582 19 18.6150 0.9525 | 1 600 -1 0.0000 0.0000 0.0000 
48.7662 19 18.6307 0.9533 | 1 600 -1 0.0000 0.0000 0.0000 
48.7282 19 18.6237 0.9529 | 1 600 -1 0.0000 0.0000 0.0000 
49.1231 19 18.6250 0.9530 | 1 600 -1 0.0000 0.0000 0.0000 
49.1521 19 18.6328 0.9534 | 1 600 -1 0.0000 0.0000 0.0000 
48.8687 19 18.6295 0.9532 | 1 600 -1 0.0000 0.0000 0.0000 
48.5296 19 18.6358 0.9535 | 1 600 -1 0.0000 0.0000 0.0000 
48.5767 19 18.6295 0.9532 | 1 600 -1 0.0000 0.0000 0.0000 
49.0220 19 18.6301 0.9532 | 1 600 -1 0.0000 0.0000 0.0000 
48.9237 19 18.6337 0.9534 | 1 600 -1 0.0000 0.0000 0.0000 
49.0340 19 18.6299 0.9532 | 1 600 -1 0.0000 0.0000 0.0000 
48.6429 19 18.6333 0.9534 | 1 600 -1 0.0000 0.0000 0.0000 
48.6263 19 18.6282 0.9531 | 1 600 -1 0.0000 0.0000 0.0000 
48.4121 19 18.6280 0.9531 | 1 600 -1 0.0000 0.0000 0.0000 
48.9380 19 18.6334 0.9534 | 1 600 -1 0.0000 0.0000 0.0000 
48.9980 19 18.6315 0.9533 | 1 600 -1 0.0000 0.0000 0.0000 
49.1908 19 18.6282 0.9531 | 1 600 -1 0.0000 0.0000 0.0000 
48.9165 19 18.6332 0.9534 | 1 600 -1 0.0000 0.0000 0.0000 
48.8329 19 18.6309 0.9533 | 1 600 -1 0.0000 0.0000 0.0000 
48.8210 19 18.6351 0.9535 | 1 600 -1 0.0000 0.0000 0.0000 
48.6713 19 18.6332 0.9534 | 1 600 -1 0.0000 0.0000 0.0000 
48.7686 19 18.6357 0.9535 | 1 600 -1 0.0000 0.0000 0.0000 
48.6855 19 18.6334 0.9534 | 1 600 -1 0.0000 0.0000 0.0000 
48.7567 19 18.6373 0.9536 | 1 600 -1 0.0000 0.0000 0.0000 
48.8400 19 18.6401 0.9538 | 1 600 -1 0.0000 0.0000 0.0000 
48.7140 19 18.6329 0.9534 | 1 600 -1 0.0000 0.0000 0.0000 
48.5861 19 18.6354 0.9535 | 1 600 -1 0.0000 0.0000 0.0000 
48.6500 19 18.6401 0.9538 | 1 600 -1 0.0000 0.0000 0.0000 
48.6713 19 18.6419 0.9538 | 1 600 -1 0.0000 0.0000 0.0000 
48.2276 19 18.6394 0.9537 | 1 600 -1 0.0000 0.0000 0.0000 
48.9572 19 18.6381 0.9536 | 1 600 -1 0.0000 0.0000 0.0000 
49.0412 19 18.6438 0.9539 | 1 600 -1 0.0000 0.0000 0.0000 
49.1690 19 18.6506 0.9543 | 1 600 -1 0.0000 0.0000 0.0000 
48.6950 19 18.6402 0.9538 | 1 600 -1 0.0000 0.0000 0.0000 
48.6334 19 18.6414 0.9538 | 1 600 -1 0.0000 0.0000 0.0000 
48.2579 19 18.6484 0.9542 | 1 600 -1 0.0000 0.0000 0.0000 
49.0725 19 18.6437 0.9539 | 1 600 -1 0.0000 0.0000 0.0000 
48.7710 19 18.6386 0.9537 | 1 600 -1 0.0000 0.0000 0.0000 
48.2998 19 18.6406 0.9538 | 1 600 -1 0.0000 0.0000 0.0000 
48.9093 19 18.6434 0.9539 | 1 600 -1 0.0000 0.0000 0.0000 
48.7092 19 18.6315 0.9533 | 1 600 -1 0.0000 0.0000 0.0000 
48.7282 19 18.6357 0.9535 | 1 600 -1 0.0000 0.0000 0.0000 
49.2927 19 18.6374 0.9536 | 1 600 -1 0.0000 0.0000 0.0000 
48.6169 19 18.6375 0.9536 | 1 600 -1 0.0000 0.0000 0.0000 
48.8448 19 18.6375 0.9536 | 1 600 -1 0.0000 0.0000 0.0000 
48.8162 19 18.6364 0.9536 | 1 600 -1 0.0000 0.0000 0.0000 
48.9285 19 18.6293 0.9532 | 1 600 -1 0.0000 0.0000 0.0000 
49.0773 19 18.6365 0.9536 | 1 600 -1 0.0000 0.0000 0.0000 
49.1473 19 18.6403 0.9538 | 1 600 -1 0.0000 0.0000 0.0000 
48.6381 19 18.6351 0.9535 | 1 600 -1 0.0000 0.0000 0.0000 
49.0485 19 18.6369 0.9536 | 1 600 -1 0.0000 0.0000 0.0000 
48.0654 19 18.6368 0.9536 | 1 600 -1 0.0000 0.0000 0.0000 
49.1014 19 18.6300 0.9532 | 1 600 -1 0.0000 0.0000 0.0000 
48.4449 19 18.6195 0.9527 | 1 600 -1 0.0000 0.0000 0.0000 
48.9788 19 18.6277 0.9531 | 1 600 -1 0.0000 0.0000 0.0000 
48.7805 19 18.6228 0.9529 | 1 600 -1 0.0000 0.0000 0.0000 
48.5649 19 18.6265 0.9531 | 1 600 -1 0.0000 0.0000 0.0000 
48.8496 19 18.6118 0.9523 | 1 600 -1 0.0000 0.0000 0.0000 
48.7948 19 18.6107 0.9522 | 1 600 -1 0.0000 0.0000 0.0000 
48.5673 19 18.6070 0.9521 | 1 600 -1 0.0000 0.0000 0.0000 
48.6760 19 18.6051 0.9520 | 1 600 -1 0.0000 0.0000 0.0000 
48.7401 19 18.6021 0.9518 | 1 600 -1 0.0000 0.0000 0.0000 
48.8162 19 18.6004 0.9517 | 1 600 -1 0.0000 0.0000 0.0000 
48.9021 19 18.5997 0.9517 | 1 600 -1 0.0000 0.0000 0.0000 
48.7686 19 18.5936 0.9514 | 1 600 -1 0.0000 0.0000 0.0000 
49.1787 19 18.5946 0.9514 | 1 600 -1 0.0000 0.0000 0.0000 
48.9141 19 18.5932 0.9514 | 1 600 -1 0.0000 0.0000 0.0000 
48.6902 19 18.5913 0.9513 | 1 600 -1 0.0000 0.0000 0.0000 
48.8711 19 18.5860 0.9510 | 1 600 -1 0.0000 0.0000 0.0000 
48.6808 19 18.5863 0.9510 | 1 600 -1 0.0000 0.0000 0.0000 
49.1014 19 18.5832 0.9508 | 1 600 -1 0.0000 0.0000 0.0000 
49.2271 19 18.5795 0.9507 | 1 600 -1 0.0000 0.0000 0.0000 
48.8568 19 18.5742 0.9504 | 1 600 -1 0.0000 0.0000 0.0000 
48.6926 19 18.5646 0.9499 | 1 600 -1 0.0000 0.0000 0.0000 
49.0870 19 18.5669 0.9500 | 1 600 -1 0.0000 0.0000 0.0000 
48.4285 19 18.5698 0.9502 | 1 600 -1 0.0000 0.0000 0.0000 
48.8114 19 18.5616 0.9497 | 1 600 -1 0.0000 0.0000 0.0000 
48.8806 19 18.5511 0.9492 | 1 600 -1 0.0000 0.0000 0.0000 
48.6618 19 18.5525 0.9493 | 1 600 -1 0.0000 0.0000 0.0000 
48.9069 19 18.5467 0.9490 | 1 600 -1 0.0000 0.0000 0.0000 
48.9261 19 18.5507 0.9492 | 1 600 -1 0.0000 0.0000 0.0000 
48.6831 19 18.5410 0.9487 | 1 600 -1 0.0000 0.0000 0.0000 
48.4590 19 18.5378 0.9485 | 1 600 -1 0.0000 0.0000 0.0000 
48.7234 19 18.5307 0.9482 | 1 600 -1 0.0000 0.0000 0.0000 
48.9452 19 18.5350 0.9484 | 1 600 -1 0.0000 0.0000 0.0000 
48.8902 19 18.5251 0.9479 | 1 600 -1 0.0000 0.0000 0.0000 
48.2579 19 18.5225 0.9477 | 1 600 -1 0.0000 0.0000 0.0000 
48.8544 19 18.5125 0.9472 | 1 600 -1 0.0000 0.0000 0.0000 
48.9069 19 18.5079 0.9470 | 1 600 -1 0.0000 0.0000 0.0000 
48.5838 18 18.4977 0.9465 | 1 600 -1 0.0000 0.0000 0.0000 
48.8472 18 18.4978 0.9465 | 1 600 -1 0.0000 0.0000 0.0000 
48.7948 18 18.4985 0.9465 | 1 600 -1 0.0000 0.0000 0.0000 
48.3723 18 18.4940 0.9463 | 1 600  3 2.6125 13.0626 0.3656 
49.1087 18 18.4888 0.9460 | 1 600  3 2.7041 13.5204 0.3704 
48.4567 18 18.4859 0.9459 | 1 600  3 2.7777 13.8885 0.3755 
48.2300 18 18.4806 0.9456 | 1 600  3 2.8376 14.1882 0.3808 
49.2247 18 18.4923 0.9462 | 1 600  3 2.8817 14.4085 0.3857 
48.5037 18 18.4844 0.9458 | 1 600  3 2.9195 14.5974 0.3910 
48.4614 18 18.4787 0.9455 | 1 600  3 2.9516 14.7582 0.3965 
49.0870 18 18.4833 0.9457 | 1 600  3 2.9774 14.8869 0.4019 
49.0773 18 18.4741 0.9453 | 1 600  3 2.9994 14.9969 0.4074 
48.8806 18 18.4777 0.9454 | 1 600  3 3.0181 15.0903 0.4132 
48.6713 18 18.4738 0.9452 | 1 600  3 3.0335 15.1677 0.4189 
48.2602 18 18.4704 0.9451 | 1 600  3 3.0471 15.2356 0.4250 
48.9165 18 18.4761 0.9454 | 1 600  3 3.0576 15.2881 0.4307 
48.6689 18 18.4736 0.9452 | 1 600  3 3.0668 15.3341 0.4367 
49.0966 18 18.4671 0.9449 | 1 600  3 3.0744 15.3719 0.4427 
48.9117 18 18.4666 0.9449 | 1 600  3 3.0808 15.4042 0.4490 
48.6547 18 18.4690 0.9450 | 1 600  3 3.0860 15.4298 0.4552 
48.6263 18 18.4723 0.9452 | 1 600  3 3.0899 15.4495 0.4613 
48.2137 18 18.4714 0.9451 | 1 600  3 3.0930 15.4648 0.4675 
48.8663 18 18.4698 0.9450 | 1 600  3 3.0952 15.4760 0.4738 
48.9069 18 18.4688 0.9450 | 1 600  3 3.0966 15.4832 0.4799 
48.6784 18 18.4633 0.9447 | 1 600  3 3.0975 15.4875 0.4864 
49.0725 18 18.4693 0.9450 | 1 600  3 3.0977 15.4886 0.4927 
49.1087 18 18.4683 0.9450 | 1 600  3 3.0974 15.4870 0.4990 
48.9333 18 18.4742 0.9453 | 1 600  3 3.0966 15.4829 0.5053 
48.9404 18 18.4752 0.9453 | 1 600  3 3.0954 15.4768 0.5114 
48.3793 18 18.4694 0.9450 | 1 600  3 3.0936 15.4682 0.5178 
49.1957 18 18.4641 0.9447 | 1 600  3 3.0915 15.4573 0.5245 
48.8377 18 18.4610 0.9446 | 1 600  3 3.0887 15.4435 0.5316 
48.7924 18 18.4556 0.9443 | 1 600  3 3.0855 15.4277 0.5389 
49.0461 18 18.4599 0.9445 | 1 600  3 3.0821 15.4105 0.5461 
48.7662 18 18.4499 0.9440 | 1 600  3 3.0783 15.3915 0.5534 
48.8591 18 18.4498 0.9440 | 1 600  3 3.0742 15.3712 0.5606 
48.5720 18 18.4484 0.9439 | 1 600  3 3.0699 15.3497 0.5677 
48.1858 18 18.4444 0.9437 | 1 600  3 3.0654 15.3268 0.5748 
48.4637 18 18.4382 0.9434 | 1 600  3 3.0602 15.3011 0.5824 
49.2296 18 18.4405 0.9435 | 1 600  3 3.0550 15.2749 0.5898 
48.3489 18 18.4364 0.9433 | 1 600  3 3.0493 15.2467 0.5974 
48.8639 18 18.4386 0.9434 | 1 600  3 3.0440 15.2200 0.6043 
48.8019 18 18.4383 0.9434 | 1 600  3 3.0383 15.1916 0.6113 
48.8305 18 18.4359 0.9433 | 1 600  3 3.0323 15.1613 0.6184 
48.5791 18 18.4354 0.9433 | 1 600  3 3.0261 15.1305 0.6254 
48.5909 18 18.4331 0.9432 | 1 600  3 3.0194 15.0968 0.6329 
49.0677 18 18.4300 0.9430 | 1 600  3 3.0123 15.0613 0.6404 
48.5390 18 18.4284 0.9429 | 1 600  3 3.0047 15.0235 0.6482 
48.6831 18 18.4240 0.9427 | 1 600  3 2.9967 14.9833 0.6562 
48.7092 18 18.4244 0.9427 | 1 600  3 2.9887 14.9434 0.6640 
48.6547 18 18.4321 0.9431 | 1 600  3 2.9811 14.9057 0.6711 
48.8639 18 18.4269 0.9428 | 1 600  3 2.9733 14.8663 0.6783 
48.8281 18 18.4346 0.9432 | 1 600  3 2.9657 14.8283 0.6851 
48.9836 18 18.4325 0.9431 | 1 600  3 2.9582 14.7910 0.6914 
48.8138 18 18.4401 0.9435 | 1 600  3 2.9507 14.7537 0.6975 
48.6736 18 18.4351 0.9433 | 1 600  3 2.9431 14.7153 0.7036 
48.4778 18 18.4416 0.9436 | 1 600  3 2.9356 14.6782 0.7092 
48.6476 18 18.4444 0.9437 | 1 600  3 2.9283 14.6416 0.7145 
48.6547 18 18.4427 0.9437 | 1 600  3 2.9207 14.6036 0.7198 
49.2805 18 18.4414 0.9436 | 1 600  3 2.9129 14.5643 0.7250 
49.0990 18 18.4434 0.9437 | 1 600  3 2.9047 14.5234 0.7301 
48.4355 18 18.4329 0.9431 | 1 600  3 2.8957 14.4786 0.7355 
48.8043 18 18.4404 0.9435 | 1 600  3 2.8867 14.4335 0.7407 
49.0388 18 18.4362 0.9433 | 1 600  3 2.8774 14.3871 0.7458 
48.8496 18 18.4278 0.9429 | 1 600  3 2.8676 14.3380 0.7510 
48.7995 18 18.4306 0.9430 | 1 600  3 2.8576 14.2882 0.7560 
48.9428 18 18.4311 0.9431 | 1 600  3 2.8480 14.2402 0.7606 
48.7424 18 18.4312 0.9431 | 1 600  3 2.8382 14.1911 0.7651 
48.7140 18 18.4236 0.9427 | 1 600  3 2.8279 14.1394 0.7695 
48.3723 18 18.4315 0.9431 | 1 600  3 2.8177 14.0884 0.7737 
48.7971 18 18.4263 0.9428 | 1 600  3 2.8076 14.0378 0.7776 
48.8615 18 18.4339 0.9432 | 1 600  3 2.7978 13.9890 0.7811 
48.4543 18 18.4223 0.9426 | 1 600  3 2.7868 13.9338 0.7848 
48.3699 18 18.4267 0.9428 | 1 600  3 2.7758 13.8788 0.7883 
48.9309 18 18.4280 0.9429 | 1 600  3 2.7645 13.8223 0.7917 
48.9860 18 18.4247 0.9427 | 1 600  3 2.7527 13.7636 0.7949 
49.0653 18 18.4227 0.9426 | 1 600  3 2.7405 13.7023 0.7980 
48.6879 18 18.4219 0.9426 | 1 600  3 2.7276 13.6380 0.8011 
48.8281 18 18.4245 0.9427 | 1 600  3 2.7143 13.5716 0.8040 
49.0725 18 18.4153 0.9422 | 1 600  3 2.7005 13.5023 0.8068 
48.8902 18 18.4165 0.9423 | 1 600  3 2.6857 13.4286 0.8096 
49.2781 18 18.4107 0.9420 | 1 600  3 2.6706 13.3528 0.8122 
48.6642 18 18.4134 0.9422 | 1 600  3 2.6545 13.2727 0.8147 
48.3676 18 18.4114 0.9421 | 1 600  3 2.6381 13.1905 0.8171 
48.6334 18 18.4075 0.9418 | 1 600  3 2.6208 13.1038 0.8194 
49.4291 18 18.4074 0.9418 | 1 600  3 2.6037 13.0184 0.8214 
48.7971 18 18.4104 0.9420 | 1 600  3 2.5864 12.9320 0.8232 
48.8663 18 18.4126 0.9421 | 1 600  3 2.5681 12.8405 0.8250 
48.7424 18 18.4166 0.9423 | 1 600  3 2.5498 12.7491 0.8265 
48.6452 18 18.4218 0.9426 | 1 600  3 2.5310 12.6548 0.8278 
49.2878 18 18.4105 0.9420 | 1 600  3 2.5105 12.5527 0.8291 
48.6027 18 18.4148 0.9422 | 1 600 -1 0.0000 0.0000 0.0000 
48.5390 18 18.4127 0.9421 | 1 600 -1 0.0000 0.0000 0.0000 
48.4684 18 18.4127 0.9421 | 1 600 -1 0.0000 0.0000 0.0000 
48.7140 18 18.4143 0.9422 | 1 600 -1 0.0000 0.0000 0.0000 
48.6950 18 18.4170 0.9423 | 1 600 -1 0.0000 0.0000 0.0000 
48.7306 18 18.4148 0.9422 | 1 600 -1 0.0000 0.0000 0.0000 
49.0629 18 18.4225 0.9426 | 1 600 -1 0.0000 0.0000 0.0000 
49.1280 18 18.4215 0.9426 | 1 600 -1 0.0000 0.0000 0.0000 
49.0461 18 18.4282 0.9429 | 1 600 -1 0.0000 0.0000 0.0000 
49.0773 18 18.4372 0.9434 | 1 600 -1 0.0000 0.0000 0.0000 
49.1328 18 18.4362 0.9433 | 1 600 -1 0.0000 0.0000 0.0000 
48.8186 18 18.4391 0.9435 | 1 600 -1 0.0000 0.0000 0.0000 
48.6405 18 18.4413 0.9436 | 1 600 -1 0.0000 0.0000 0.0000 
48.8281 18 18.4459 0.9438 | 1 600 -1 0.0000 0.0000 0.0000 
48.5979 18 18.4408 0.9436 | 1 600 -1 0.0000 0.0000 0.0000 
48.8281 18 18.4436 0.9437 | 1 600 -1 0.0000 0.0000 0.0000 
48.6571 18 18.4446 0.9437 | 1 600 -1 0.0000 0.0000 0.0000 
49.3900 18 18.4405 0.9435 | 1 600 -1 0.0000 0.0000 0.0000 
48.7424 18 18.4285 0.9429 | 1 600 -1 0.0000 0.0000 0.0000 
48.7519 18 18.4396 0.9435 | 1 600 -1 0.0000 0.0000 0.0000 
48.8162 18 18.4320 0.9431 | 1 600 -1 0.0000 0.0000 0.0000 
48.9117 18 18.4311 0.9431 | 1 600 -1 0.0000 0.0000 0.0000 
48.9213 18 18.4424 0.9436 | 1 600 -1 0.0000 0.0000 0.0000 
48.5296 18 18.4361 0.9433 | 1 600 -1 0.0000 0.0000 0.0000 
48.7829 18 18.4447 0.9438 | 1 600 -1 0.0000 0.0000 0.0000 
48.2812 18 18.4418 0.9436 | 1 600 -1 0.0000 0.0000 0.0000 
48.8448 18 18.4440 0.9437 | 1 600 -1 0.0000 0.0000 0.0000 
49.0822 18 18.4443 0.9437 | 1 600 -1 0.0000 0.0000 0.0000 
48.6760 18 18.4449 0.9438 | 1 600 -1 0.0000 0.0000 0.0000 
48.9045 18 18.4450 0.9438 | 1 600 -1 0.0000 0.0000 0.0000 
48.9021 18 18.4542 0.9442 | 1 600 -1 0.0000 0.0000 0.0000 
48.6476 18 18.4565 0.9444 | 1 600 -1 0.0000 0.0000 0.0000 
48.8472 18 18.4505 0.9441 | 1 600 -1 0.0000 0.0000 0.0000 
48.7472 18 18.4520 0.9441 | 1 600 -1 0.0000 0.0000 0.0000 
48.6855 18 18.4496 0.9440 | 1 600 -1 0.0000 0.0000 0.0000 
49.0581 18 18.4589 0.9445 | 1 600 -1 0.0000 0.0000 0.0000 
48.6074 18 18.4614 0.9446 | 1 600 -1 0.0000 0.0000 0.0000 
48.6310 18 18.4662 0.9449 | 1 600 -1 0.0000 0.0000 0.0000 
48.9668 18 18.4691 0.9450 | 1 600 -1 0.0000 0.0000 0.0000 
49.3535 18 18.4745 0.9453 | 1 600 -1 0.0000 0.0000 0.0000 
48.7852 18 18.4757 0.9453 | 1 600 -1 0.0000 0.0000 0.0000 
49.1618 18 18.4771 0.9454 | 1 600 -1 0.0000 0.0000 0.0000 
48.9692 18 18.4857 0.9459 | 1 600 -1 0.0000 0.0000 0.0000 
48.8329 18 18.4880 0.9460 | 1 600 -1 0.0000 0.0000 0.0000 
48.8043 18 18.4944 0.9463 | 1 600 -1 0.0000 0.0000 0.0000 
48.8544 18 18.4966 0.9464 | 1 600 -1 0.0000 0.0000 0.0000 
48.8854 19 18.5008 0.9466 | 1 600 -1 0.0000 0.0000 0.0000 
48.7021 18 18.4990 0.9465 | 1 600 -1 0.0000 0.0000 0.0000 
49.0798 19 18.5067 0.9469 | 1 600 -1 0.0000 0.0000 0.0000 
48.7805 19 18.5147 0.9473 | 1 600 -1 0.0000 0.0000 0.0000 
48.8544 19 18.5150 0.9474 | 1 600 -1 0.0000 0.0000 0.0000 
48.8067 19 18.5139 0.9473 | 1 600 -1 0.0000 0.0000 0.0000 
48.9165 19 18.5140 0.9473 | 1 600 -1 0.0000 0.0000 0.0000 
48.9285 19 18.5346 0.9484 | 1 600 -1 0.0000 0.0000 0.0000 
48.7329 19 18.5329 0.9483 | 1 600 -1 0.0000 0.0000 0.0000 
48.8591 19 18.5408 0.9487 | 1 600 -1 0.0000 0.0000 0.0000 
48.9189 19 18.5513 0.9492 | 1 600 -1 0.0000 0.0000 0.0000 
48.7710 19 18.5486 0.9491 | 1 600 -1 0.0000 0.0000 0.0000 
48.9980 19 18.5571 0.9495 | 1 600 -1 0.0000 0.0000 0.0000 
48.7781 19 18.5552 0.9494 | 1 600 -1 0.0000 0.0000 0.0000 
48.8234 19 18.5538 0.9493 | 1 600 -1 0.0000 0.0000 0.0000 
48.2090 19 18.5594 0.9496 | 1 600 -1 0.0000 0.0000 0.0000 
48.5979 19 18.5624 0.9498 | 1 600 -1 0.0000 0.0000 0.0000 
48.7519 19 18.5631 0.9498 | 1 600 -1 0.0000 0.0000 0.0000 
48.8615 19 18.5661 0.9500 | 1 600 -1 0.0000 0.0000 0.0000 
48.7924 19 18.5700 0.9502 | 1 600 -1 0.0000 0.0000 0.0000 
48.7852 19 18.5700 0.9502 | 1 600 -1 0.0000 0.0000 0.0000 
48.5437 19 18.5744 0.9504 | 1 600 -1 0.0000 0.0000 0.0000 
48.8544 19 18.5799 0.9507 | 1 600 -1 0.0000 0.0000 0.0000 
48.8902 19 18.5794 0.9506 | 1 600 -1 0.0000 0.0000 0.0000 
48.6831 19 18.5813 0.9507 | 1 600 -1 0.0000 0.0000 0.0000 
49.0388 19 18.5832 0.9508 | 1 600 -1 0.0000 0.0000 0.0000 
48.6334 19 18.5865 0.9510 | 1 600 -1 0.0000 0.0000 0.0000 
48.3232 19 18.5779 0.9506 | 1 600 -1 0.0000 0.0000 0.0000 
48.8138 19 18.5760 0.9505 | 1 600 -1 0.0000 0.0000 0.0000 
48.6950 19 18.5822 0.9508 | 1 600 -1 0.0000 0.0000 0.0000 
48.8257 19 18.5818 0.9508 | 1 600 -1 0.0000 0.0000 0.0000 
48.5343 19 18.5847 0.9509 | 1 600 -1 0.0000 0.0000 0.0000 
48.9189 19 18.5795 0.9506 | 1 600 -1 0.0000 0.0000 0.0000 
48.8091 19 18.5768 0.9505 | 1 600 -1 0.0000 0.0000 0.0000 
48.9045 19 18.5888 0.9511 | 1 600 -1 0.0000 0.0000 0.0000 
48.9860 19 18.5831 0.9508 | 1 600 -1 0.0000 0.0000 0.0000 
48.7258 19 18.5805 0.9507 | 1 600 -1 0.0000 0.0000 0.0000 
48.7258 19 18.5824 0.9508 | 1 600 -1 0.0000 0.0000 0.0000 
48.9740 19 18.5755 0.9504 | 1 600 -1 0.0000 0.0000 0.0000 
49.0340 19 18.5834 0.9509 | 1 600 -1 0.0000 0.0000 0.0000 
48.9261 19 18.5797 0.9507 | 1 600 -1 0.0000 0.0000 0.0000 
48.9261 19 18.5780 0.9506 | 1 600 -1 0.0000 0.0000 0.0000 
48.9045 19 18.5857 0.9510 | 1 600 -1 0.0000 0.0000 0.0000 
48.7733 19 18.5854 0.9510 | 1 600 -1 0.0000 0.0000 0.0000 
48.7424 19 18.5814 0.9507 | 1 600 -1 0.0000 0.0000 0.0000 
48.8854 19 18.5801 0.9507 | 1 600 -1 0.0000 0.0000 0.0000 
48.9932 19 18.5814 0.9507 | 1 600 -1 0.0000 0.0000 0.0000 
48.3793 19 18.5779 0.9506 | 1 600 -1 0.0000 0.0000 0.0000 
48.6594 19 18.5760 0.9505 | 1 600 -1 0.0000 0.0000 0.0000 
48.8138 19 18.5780 0.9506 | 1 600 -1 0.0000 0.0000 0.0000 
48.7306 19 18.5809 0.9507 | 1 600 -1 0.0000 0.0000 0.0000 
49.0172 19 18.5859 0.9510 | 1 600 -1 0.0000 0.0000 0.0000 
49.0749 19 18.5829 0.9508 | 1 600 -1 0.0000 0.0000 0.0000 
48.4332 19 18.5904 0.9512 | 1 600 -1 0.0000 0.0000 0.0000 
48.8568 19 18.5912 0.9513 | 1 600 -1 0.0000 0.0000 0.0000 
48.7900 19 18.5962 0.9515 | 1 600 -1 0.0000 0.0000 0.0000 
48.7116 19 18.5955 0.9515 | 1 600 -1 0.0000 0.0000 0.0000 
