0.8917 
0.8918 
0.8921 
0.8925 
0.8925 
0.8918 
0.8921 
0.8918 
0.8918 
0.8918 
0.8918 
0.8916 
0.8922 
0.8920 
0.8920 
0.8921 
0.8920 
0.8926 
0.8928 
0.8930 
0.8924 
0.8926 
0.8922 
0.8922 
0.8924 
0.8923 
0.8928 
0.8928 
0.8923 
0.8925 
0.8919 
0.8917 
0.8916 
0.8919 
0.8917 
0.8919 
0.8917 
0.8916 
0.8917 
0.8918 
0.8918 
0.8919 
0.8917 
0.8922 
0.8923 
0.8924 
0.8926 
0.8929 
0.8929 
0.8930 
0.8934 
0.8933 
0.8937 
0.8939 
0.8937 
0.8940 
0.8941 
0.8942 
0.8944 
0.8945 
0.8946 
0.8948 
0.8950 
0.8944 
0.8951 
0.8954 
0.8955 
0.8957 
0.8957 
0.8957 
0.8957 
0.8952 
0.8951 
0.8954 
0.8951 
0.8954 
0.8957 
0.8956 
0.8957 
0.8960 
0.8959 
0.8960 
0.8956 
0.8961 
0.8962 
0.8958 
0.8960 
0.8962 
0.8961 
0.8961 
0.8957 
0.8959 
0.8962 
0.8964 
0.8964 
0.8963 
0.8966 
0.8963 
0.8965 
0.8963 
0.8965 
0.8964 
0.8965 
0.8962 
0.8965 
0.8965 
0.8967 
0.8962 
0.8963 
0.8962 
0.8965 
0.8962 
0.8961 
0.8962 
0.8961 
0.8961 
0.8958 
0.8965 
0.8963 
0.8963 
0.8964 
0.8965 
0.8967 
0.8967 
0.8967 
0.8966 
0.8966 
0.8965 
0.8967 
0.8969 
0.8970 
0.8967 
0.8970 
0.8969 
0.8968 
0.8969 
0.8969 
0.8970 
0.8973 
0.8969 
0.8970 
0.8969 
0.8973 
0.8974 
0.8969 
0.8973 
0.8969 
0.8967 
0.8968 
0.8973 
0.8969 
0.8974 
0.8971 
0.8972 
0.8972 
0.8970 
0.8970 
0.8969 
0.8968 
0.8964 
0.8971 
0.8965 
0.8963 
0.8962 
0.8957 
0.8959 
0.8957 
0.8955 
0.8953 
0.8953 
0.8949 
0.8946 
0.8951 
0.8942 
0.8943 
0.8942 
0.8939 
0.8938 
0.8934 
0.8935 
0.8934 
0.8935 
0.8929 
0.8925 
0.8923 
0.8922 
0.8920 
0.8918 
0.8920 
0.8920 
0.8918 
0.8919 
0.8922 
0.8919 
0.8921 
0.8918 
0.8919 
0.8916 
0.8911 
0.8913 
0.8913 
0.8908 
0.8913 
0.8916 
0.8910 
0.8906 
0.8908 
0.8911 
0.8909 
0.8909 
0.8915 
0.8905 
0.8911 
0.8911 
0.8908 
0.8912 
0.8907 
0.8910 
0.8904 
0.8907 
0.8903 
0.8905 
0.8899 
0.8904 
0.8904 
0.8907 
0.8907 
0.8908 
0.8911 
0.8910 
0.8915 
0.8914 
0.8913 
0.8916 
0.8915 
0.8914 
0.8918 
0.8916 
0.8922 
0.8926 
0.8924 
0.8923 
0.8928 
0.8929 
0.8932 
0.8936 
0.8941 
0.8941 
0.8941 
0.8953 
0.8951 
0.8950 
0.8955 
0.8952 
0.8959 
0.8958 
0.8956 
0.8955 
0.8954 
0.8956 
0.8958 
0.8959 
0.8964 
0.8964 
0.8962 
0.8963 
0.8966 
0.8969 
0.8970 
0.8974 
0.8974 
0.8975 
0.8975 
0.8977 
0.8977 
0.8980 
0.8977 
0.8977 
0.8980 
0.8979 
0.8983 
0.8986 
0.8987 
0.8987 
0.8986 
0.8988 
0.8989 
0.8993 
0.8993 
0.8993 
0.8994 
0.8993 
0.8993 
0.8994 
0.8991 
0.8993 
0.8994 
0.8994 
0.8992 
0.8993 
0.8994 
0.8995 
0.8997 
0.8993 
0.8995 
0.8993 
0.8993 
0.8996 
0.8995 
0.8997 
0.9000 
0.8998 
0.9000 
0.8997 
0.8998 
0.8999 
0.9001 
0.8998 
0.9002 
0.9001 
0.9003 
0.9001 
0.9002 
0.9004 
0.9000 
0.9003 
0.9003 
0.9002 
0.9005 
0.9006 
0.8998 
0.8999 
0.9000 
0.9000 
0.9003 
0.9001 
0.9000 
0.9002 
0.8999 
0.9001 
0.9003 
0.9004 
0.9005 
0.9004 
0.9003 
0.9001 
0.9004 
0.9004 
0.9006 
0.9005 
0.9005 
0.9005 
0.9004 
0.9004 
0.9003 
0.9005 
0.9003 
0.9005 
0.9005 
0.9005 
0.9004 
0.9003 
0.9002 
0.9005 
0.9002 
0.9002 
0.9001 
0.9002 
0.8999 
0.9001 
0.8996 
0.8996 
0.8996 
0.8997 
0.8996 
0.8994 
0.8991 
0.8993 
0.8995 
0.8990 
0.8988 
0.8989 
0.8985 
0.8986 
0.8987 
0.8984 
0.8986 
0.8983 
0.8981 
0.8983 
0.8977 
0.8975 
0.8977 
0.8977 
0.8974 
0.8971 
0.8972 
0.8970 
0.8974 
0.8968 
0.8970 
0.8966 
0.8962 
0.8961 
0.8963 
0.8958 
0.8958 
0.8959 
0.8958 
0.8953 
0.8951 
0.8956 
0.8957 
0.8953 
0.8950 
0.8949 
0.8954 
0.8948 
0.8949 
0.8947 
0.8948 
0.8943 
0.8944 
0.8947 
0.8950 
0.8948 
0.8948 
0.8952 
0.8950 
0.8952 
0.8955 
0.8953 
0.8959 
0.8960 
0.8960 
0.8962 
0.8961 
0.8962 
0.8959 
0.8961 
0.8966 
0.8967 
0.8967 
0.8965 
0.8967 
0.8972 
0.8972 
0.8974 
0.8979 
0.8981 
0.8980 
0.8981 
0.8981 
0.8983 
0.8981 
0.8986 
0.8984 
0.8982 
0.8989 
0.8986 
0.8987 
0.8988 
0.8990 
0.8991 
0.8996 
0.8995 
0.8995 
0.8994 
0.8994 
0.8998 
0.9000 
0.8998 
0.9000 
0.9000 
0.9003 
0.9002 
0.8999 
0.9002 
0.9002 
0.9002 
0.9003 
0.8999 
0.9005 
0.9003 
0.9006 
0.9005 
0.9008 
0.9007 
0.9008 
0.9010 
0.9008 
0.9007 
0.9009 
0.9007 
0.9008 
0.9010 
0.9008 
0.9011 
0.9013 
0.9014 
0.9012 
0.9012 
0.9012 
0.9013 
0.9010 
0.9013 
0.9011 
0.9012 
0.9012 
0.9012 
0.9012 
0.9013 
0.9014 
0.9011 
0.9009 
0.9010 
0.9010 
0.9013 
0.9010 
0.9009 
0.9012 
0.9012 
0.9011 
0.9010 
0.9007 
0.9010 
0.9012 
0.9009 
0.9012 
0.9010 
0.9011 
0.9010 
0.9015 
0.9010 
0.9013 
0.9010 
0.9010 
0.9008 
0.9010 
0.9010 
0.9011 
0.9012 
0.9010 
0.9012 
0.9011 
0.9012 
0.9011 
0.9013 
0.9013 
0.9012 
0.9011 
0.9007 
0.9010 
0.9007 
0.9008 
0.9008 
0.9008 
0.9005 
0.9007 
0.9011 
0.9011 
0.9007 
0.9006 
0.9010 
0.9009 
0.9010 
0.9008 
0.9007 
0.9006 
0.9010 
0.9010 
0.9007 
0.9009 
0.9008 
0.9008 
0.9009 
0.9009 
0.9008 
0.9008 
0.9005 
0.9005 
0.9004 
0.9005 
0.9005 
0.9002 
0.8997 
0.9001 
0.9001 
0.9001 
0.8997 
0.8996 
0.8992 
0.8993 
0.8996 
0.8993 
0.8990 
0.8992 
0.8992 
0.8989 
0.8992 15.0137 
0.8991 15.0098 
0.8991 15.0057 
0.8991 15.0017 
0.8987 14.9979 
0.8989 14.9938 
0.8987 14.9892 
0.8982 14.9849 
0.8985 14.9799 
0.8982 14.9750 
0.8981 14.9698 
0.8983 14.9643 
0.8978 14.9587 
0.8979 14.9533 
0.8980 14.9473 
0.8978 14.9413 
0.8982 14.9347 
0.8979 14.9279 
0.8978 14.9216 
0.8976 14.9156 
0.8977 14.9094 
0.8974 14.9025 
0.8977 14.8951 
0.8976 14.8868 
0.8973 14.8787 
0.8974 14.8705 
0.8977 14.8612 
0.8973 14.8529 
0.8974 14.8443 
0.8973 14.8345 
0.8971 14.8251 
0.8969 14.8145 
0.8973 14.8021 
0.8974 14.7887 
0.8974 14.7755 
0.8975 14.7610 
0.8974 14.7468 
0.8973 14.7316 
0.8978 14.7142 
0.8979 14.6965 
0.8975 14.6791 
0.8976 14.6610 
0.8973 14.6436 
0.8974 14.6244 
0.8975 14.6064 
0.8980 14.5863 
0.8971 14.5695 
0.8977 14.5501 
0.8979 14.5312 
0.8978 14.5122 
0.8984 14.4908 
0.8981 14.4715 
0.8983 14.4508 
0.8982 14.4318 
0.8990 14.4102 
0.8987 14.3887 
0.8991 14.3668 
0.8986 14.3470 
0.8990 14.3257 
0.8989 14.3056 
0.8988 14.2867 
0.8991 14.2670 
0.8988 14.2494 
0.8995 14.2298 
0.9005 14.2033 
0.9009 14.1787 
0.9003 14.1583 
0.9003 14.1380 
0.9003 14.1192 
0.9003 14.1009 
0.9006 14.0822 
0.9010 14.0619 
0.9008 14.0416 
0.9010 14.0209 
0.9007 14.0030 
0.9010 13.9841 
0.9008 13.9675 
0.9006 13.9531 
0.9010 13.9381 
0.9008 13.9250 
0.9009 13.9130 
0.9012 13.9010 
0.9009 13.8906 
0.9014 13.8794 
0.9014 13.8699 
0.9010 13.8620 
0.9012 13.8541 
0.9013 13.8472 
0.9013 13.8413 
0.9016 13.8357 
0.9016 13.8309 
0.9016 13.8265 
0.9015 13.8230 
0.9019 13.8201 
0.9020 13.8180 
0.9021 13.8163 
0.9021 13.8153 
0.9019 13.8148 
0.9023 13.8148 
0.9021 13.8153 
0.9021 13.8162 
0.9021 13.8174 
0.9020 13.8191 
0.9022 13.8211 
0.9025 13.8236 
0.9025 13.8263 
0.9025 13.8294 
0.9022 13.8328 
0.9022 13.8437 
0.9018 13.8602 
0.9020 13.8777 
0.9023 13.8956 
0.9020 13.9133 
0.9021 13.9318 
0.9020 13.9496 
0.9020 13.9676 
0.9018 13.9852 
0.9022 14.0047 
0.9020 14.0215 
0.9021 14.0392 
0.9020 14.0563 
0.9022 14.0738 
0.9023 14.0910 
0.9023 14.1075 
0.9021 14.1234 
0.9024 14.1401 
0.9021 14.1560 
0.9019 14.1713 
0.9020 14.1870 
0.9022 14.2026 
0.9018 14.2164 
0.9020 14.2301 
0.9022 14.2454 
0.9020 14.2590 
0.9020 14.2725 
0.9020 14.2865 
0.9018 14.2993 
0.9021 14.3127 
0.9021 14.3258 
0.9016 14.3368 
0.9019 14.3492 
0.9016 14.3607 
0.9020 14.3731 
0.9020 14.3844 
0.9021 14.3957 
0.9024 14.4085 
0.9018 14.4189 
0.9018 14.4299 
0.9018 14.4414 
0.9019 14.4526 
0.9012 14.4611 
0.9018 14.4714 
0.9015 14.4800 
0.9015 14.4890 
0.9017 14.4981 
0.9016 14.5068 
0.9018 14.5162 
0.9015 14.5250 
0.9017 14.5340 
0.9019 14.5435 
0.9013 14.5525 
0.9016 14.5606 
0.9015 14.5694 
0.9018 14.5789 
0.9018 14.5884 
0.9015 14.5980 
0.9018 14.6076 
0.9016 14.6171 
0.9010 14.6258 
0.9014 14.6352 
0.9018 14.6449 
0.9015 14.6547 
0.9017 14.6652 
0.9014 14.6742 
0.9013 14.6843 
0.9012 14.6938 
0.9013 14.7034 
0.9010 14.7129 
0.9014 14.7229 
0.9010 14.7327 
0.9008 14.7420 
0.9010 14.7515 
0.9011 14.7609 
0.9007 14.7704 
0.9009 14.7806 
0.9008 14.7906 
0.9006 14.8005 
0.9006 14.8104 
0.9007 14.8206 
0.9004 14.8301 
0.9003 14.8394 
0.9004 14.8489 
0.9003 14.8580 
0.9003 14.8668 
0.9006 14.8761 
0.9006 14.8850 
0.9001 14.8937 
0.9002 14.9023 
0.9001 14.9109 
0.9004 14.9202 
0.9001 14.9290 
0.9006 14.9382 
0.9004 14.9476 
0.9002 14.9562 
0.9002 14.9645 
0.9006 14.9736 
0.9003 14.9826 
0.9005 14.9916 
0.9008 15.0005 
0.9006 15.0093 
0.9005 15.0179 
0.9008 15.0262 
0.9011 15.0354 
0.9003 15.0433 
0.9006 15.0513 
0.9009 15.0597 
0.9008 15.0673 
0.9008 15.0752 
0.9006 15.0824 
0.9005 15.0897 
0.9009 15.0967 
0.9002 15.1032 
0.9007 15.1095 
0.9009 15.1158 
0.9009 15.1212 
0.9001 15.1258 
0.9004 15.1297 
0.9001 15.1330 
0.9000 15.1356 
0.8999 15.1375 
0.8999 15.1387 
0.8996 15.1392 
0.9002 15.1390 
0.8996 15.1381 
0.8999 15.1365 
0.8999 15.1342 
0.9000 15.1309 
0.9006 15.1267 
0.9002 15.1217 
0.8998 15.1164 
0.8999 15.1106 
0.9002 15.1036 
0.9001 15.0957 
0.9002 15.0874 
0.9005 15.0779 
0.9004 15.0680 
0.9007 15.0572 
0.9004 15.0469 
0.9008 15.0351 
0.9012 15.0216 
0.9015 15.0091 
0.9017 14.9949 
0.9018 14.9789 
0.9016 14.9638 
0.9020 14.9462 
0.9023 14.9287 
0.9029 14.9079 
0.9023 14.8873 
0.9023 14.8655 
0.9028 14.8408 
0.9031 14.8146 
0.9035 14.7867 
0.9038 14.7573 
0.9037 14.7290 
0.9034 14.7011 
0.9032 14.6725 
0.9025 14.6463 
0.9025 14.6212 
0.9029 14.5957 
0.9027 14.5714 
0.9028 14.5478 
0.9028 14.5244 
0.9021 14.5049 
0.9024 14.4841 
0.9021 14.4654 
0.9021 14.4473 
0.9024 14.4291 
0.9023 14.4107 
0.9020 14.3936 
0.9021 14.3780 
0.9020 14.3629 
0.9023 14.3485 
0.9020 14.3366 
0.9016 14.3265 
0.9020 14.3157 
0.9018 14.3053 
0.9014 14.2972 
0.9018 14.2885 
0.9017 14.2818 
0.9020 14.2744 
0.9022 14.2670 
0.9022 14.2600 
0.9018 14.2541 
0.9018 14.2484 
0.9020 14.2428 
0.9022 14.2366 
0.9020 14.2313 
0.9019 14.2267 
0.9016 14.2230 
0.9014 14.2194 
0.9021 14.2152 
0.9019 14.2117 
0.9020 14.2085 
0.9017 14.2061 
0.9015 14.2037 
0.9016 14.2015 
0.9010 14.1999 
0.9008 14.1987 
0.9012 14.1975 
0.9011 14.1964 
0.9013 14.1955 
0.9010 14.1951 
0.9007 14.1947 
0.9007 14.1945 
0.9006 14.1943 
0.9010 14.1942 
0.9008 14.1942 
0.9007 14.1942 
0.9008 14.1944 
0.9004 14.1945 
0.9007 14.1948 
0.9008 14.1950 
0.9009 14.1955 
0.9009 14.1960 
0.9010 14.1966 
0.9006 14.1971 
0.9006 14.1974 
0.9005 14.1976 
0.9009 14.1986 
0.9007 14.1989 
0.9010 14.1995 
0.9007 14.2011 
0.9008 14.2027 
0.9007 14.2039 
0.9006 14.2053 
0.9011 14.2070 
0.9007 14.2084 
0.9007 14.2102 
0.9009 14.2120 
0.9009 14.2146 
0.9013 14.2181 
0.9010 14.2202 
0.9010 14.2221 
0.9005 14.2219 
0.9003 14.2217 
0.9003 14.2217 
0.9002 14.2219 
0.9003 14.2214 
0.9004 14.2212 
0.9004 14.2202 
0.9006 14.2206 
0.9008 14.2218 
0.9004 14.2215 
0.9003 14.2208 
0.9002 14.2202 
0.9001 14.2196 
0.9004 14.2191 
0.9004 14.2200 
0.9005 14.2200 
0.9003 14.2190 
0.9005 14.2187 
0.9002 14.2177 
0.9002 14.2175 
0.9006 14.2197 
0.9003 14.2186 
0.9002 14.2184 
0.9005 14.2199 
0.9006 14.2224 
0.9009 14.2263 
0.9010 14.2325 
0.9007 14.2361 
0.9008 14.2431 
0.9005 14.2488 
0.9004 14.2538 
0.9002 14.2565 
0.9001 14.2595 
0.9005 14.2658 
0.9004 14.2740 
0.9006 14.2821 
0.9011 14.2918 
0.9010 14.3038 
0.9011 14.3179 
0.9008 14.3296 
0.9004 14.3413 
0.9005 14.3529 
0.9004 14.3639 
0.9007 14.3780 
0.9009 14.3925 
0.9010 14.4091 
0.9009 14.4268 
0.9013 14.4456 
0.9010 14.4663 
0.9012 14.4895 
0.9015 14.5135 
0.9017 14.5390 
0.9013 14.5642 
0.9017 14.5940 
0.9015 14.6215 
0.9016 14.6514 
0.9017 14.6801 
0.9018 14.7134 
0.9013 14.7420 
0.9014 14.7747 
0.9015 14.8106 
0.9018 14.8505 
0.9022 14.8925 
0.9019 14.9360 
0.9022 14.9830 
0.9020 15.0283 
0.9026 15.0803 
0.9027 15.1378 
0.9026 15.1977 
0.9023 15.2532 
0.9026 15.3123 
0.9022 15.3726 
0.9026 15.4404 
0.9026 15.5116 
0.9021 15.5753 
0.9026 15.6520 
0.9022 15.7267 
0.9023 15.8079 
0.9017 15.8841 
0.9018 15.9708 
0.9019 16.0610 
0.9019 16.1535 
