200
0   0 0.0000
0   0 0.0000
0   0 0.0000
0   0 0.0000
1  13 0.0061
1  13 0.0091
1  13 0.0117
1  13 0.0138
1  13 0.0168
1  13 0.0197
1  13 0.0228
1  13 0.0247
1  13 0.0257
1  13 0.0272
1  13 0.0273
1  13 0.0277
1  13 0.0274
1  13 0.0292
1  13 0.0272
1  13 0.0242
1  13 0.0240
1  13 0.0208
1  13 0.0176
1  13 0.0155
1  13 0.0129
1  13 0.0104
1  13 0.0050
2  13 0.0025
2  13 -0.0009
2  13 -0.0035
1  13 -0.0074
1  13 -0.0100
1  13 -0.0119
1  13 -0.0136
1  13 -0.0156
1  13 -0.0173
1  13 -0.0182
1  13 -0.0186
1  13 -0.0195
1  13 -0.0199
1  13 -0.0198
1  13 -0.0184
1  13 -0.0166
1  13 -0.0135
1  13 -0.0109
1  13 -0.0071
2  13 -0.0039
2  13 -0.0002
2  13 0.0048
1  12 0.0096
1  13 0.0131
1  13 0.0167
1  13 0.0214
1  13 0.0241
1  13 0.0257
1  13 0.0268
1  13 0.0295
1  13 0.0303
1  13 0.0289
1  13 0.0294
1  13 0.0276
1  13 0.0265
1  13 0.0242
1  13 0.0236
1  13 0.0221
1  13 0.0179
1  13 0.0156
1  13 0.0130
1  12 0.0121
1  12 0.0081
2  12 0.0046
2  12 0.0020
2  12 -0.0023
1  14 -0.0056
1  13 -0.0087
1  13 -0.0099
1  13 -0.0122
1  13 -0.0150
1  13 -0.0163
1  13 -0.0178
1  13 -0.0180
1  13 -0.0175
1  13 -0.0182
1  13 -0.0178
1  13 -0.0165
1  13 -0.0121
1  13 -0.0098
1  13 -0.0088
2  13 -0.0049
2  13 -0.0016
2  13 0.0027
1  12 0.0057
1  12 0.0087
1  13 0.0121
1  13 0.0142
1  13 0.0175
1  13 0.0193
1  13 0.0193
1  13 0.0201
1  13 0.0203
1  13 0.0220
1  13 0.0199
1  13 0.0181
1  13 0.0168
1  13 0.0147
1  13 0.0136
1  13 0.0107
1  13 0.0095
1  13 0.0072
2  13 0.0039
2  13 0.0021
2  13 -0.0002
2  13 -0.0031
1  13 -0.0056
1  13 -0.0082
1  13 -0.0105
1  13 -0.0130
1  13 -0.0129
1  13 -0.0146
1  13 -0.0170
1  13 -0.0186
1  13 -0.0197
1  13 -0.0181
1  13 -0.0191
1  13 -0.0197
1  13 -0.0186
1  13 -0.0166
1  13 -0.0140
1  13 -0.0131
1  13 -0.0097
1  13 -0.0077
1  13 -0.0052
2  13 -0.0015
2  13 0.0019
1  13 0.0055
1  13 0.0084
1  13 0.0114
1  13 0.0146
1  13 0.0152
1  13 0.0169
1  13 0.0183
1  13 0.0191
1  13 0.0196
1  13 0.0188
1  13 0.0184
1  13 0.0171
1  13 0.0159
1  13 0.0154
1  13 0.0142
1  13 0.0136
1  13 0.0114
1  12 0.0103
1  12 0.0090
1  12 0.0060
1  12 0.0058
2  12 0.0046
2  12 0.0029
2  12 0.0016
2  12 0.0001
0   0 0.0000
0   0 0.0000
0   0 0.0000
1  13 -0.0055
1  13 -0.0072
1  13 -0.0075
1  13 -0.0097
1  13 -0.0092
1  13 -0.0109
1  13 -0.0118
1  13 -0.0109
1  13 -0.0112
1  13 -0.0110
1  12 -0.0112
1  13 -0.0087
1  13 -0.0079
1  12 -0.0072
2  12 -0.0050
2  12 -0.0033
2  12 -0.0010
2  12 0.0006
0   0 0.0000
1  13 0.0058
1  13 0.0062
1  13 0.0079
2  13 0.0000
2  13 0.0000
2  13 0.0000
2  13 0.0000
0   0 0.0000
0   0 0.0000
0   0 0.0000
0   0 0.0000
0   0 0.0000
0   0 0.0000
0   0 0.0000
0   0 0.0000
0   0 0.0000
0   0 0.0000
0   0 0.0000
0   0 0.0000
