200
0.0000
0.0000
0.0000
0.0000
0.0061
0.0091
0.0117
0.0138
0.0168
0.0197
0.0228
0.0247
0.0257
0.0272
0.0273
0.0277
0.0274
0.0292
0.0272
0.0242
0.0240
0.0208
0.0176
0.0155
0.0129
0.0104
0.0050
0.0025
-0.0009
-0.0035
-0.0074
-0.0100
-0.0119
-0.0136
-0.0156
-0.0173
-0.0182
-0.0186
-0.0195
-0.0199
-0.0198
-0.0184
-0.0166
-0.0135
-0.0109
-0.0071
-0.0039
-0.0002
0.0048
0.0096
0.0131
0.0167
0.0214
0.0241
0.0257
0.0268
0.0295
0.0303
0.0289
0.0294
0.0276
0.0265
0.0242
0.0236
0.0221
0.0179
0.0156
0.0130
0.0121
0.0081
0.0046
0.0020
-0.0023
-0.0056
-0.0087
-0.0099
-0.0122
-0.0150
-0.0163
-0.0178
-0.0180
-0.0175
-0.0182
-0.0178
-0.0165
-0.0121
-0.0098
-0.0088
-0.0049
-0.0016
0.0027
0.0057
0.0087
0.0121
0.0142
0.0175
0.0193
0.0193
0.0201
0.0203
0.0220
0.0199
0.0181
0.0168
0.0147
0.0136
0.0107
0.0095
0.0072
0.0039
0.0021
-0.0002
-0.0031
-0.0056
-0.0082
-0.0105
-0.0130
-0.0129
-0.0146
-0.0170
-0.0186
-0.0197
-0.0181
-0.0191
-0.0197
-0.0186
-0.0166
-0.0140
-0.0131
-0.0097
-0.0077
-0.0052
-0.0015
0.0019
0.0055
0.0084
0.0114
0.0146
0.0152
0.0169
0.0183
0.0191
0.0196
0.0188
0.0184
0.0171
0.0159
0.0154
0.0142
0.0136
0.0114
0.0103
0.0090
0.0060
0.0058
0.0046
0.0029
0.0016
0.0001
0.0000
0.0000
0.0000
-0.0055
-0.0072
-0.0075
-0.0097
-0.0092
-0.0109
-0.0118
-0.0109
-0.0112
-0.0110
-0.0112
-0.0087
-0.0079
-0.0072
-0.0050
-0.0033
-0.0010
0.0006
0.0000
0.0058
0.0062
0.0079
0.0000
0.0000
0.0000
0.0000
0.0000
0.0000
0.0000
0.0000
0.0000
0.0000
0.0000
0.0000
0.0000
0.0000
0.0000
0.0000
