200
0.0000
0.0000
0.0006
0.0021
0.0054
0.0086
0.0116
0.0141
0.0169
0.0197
0.0223
0.0243
0.0257
0.0267
0.0272
0.0277
0.0278
0.0278
0.0267
0.0249
0.0231
0.0206
0.0180
0.0154
0.0126
0.0095
0.0058
0.0025
-0.0008
-0.0038
-0.0069
-0.0096
-0.0118
-0.0137
-0.0154
-0.0169
-0.0179
-0.0187
-0.0193
-0.0195
-0.0192
-0.0180
-0.0161
-0.0134
-0.0105
-0.0072
-0.0036
0.0003
0.0047
0.0091
0.0131
0.0170
0.0206
0.0234
0.0256
0.0272
0.0287
0.0294
0.0292
0.0288
0.0275
0.0262
0.0246
0.0231
0.0211
0.0184
0.0158
0.0133
0.0111
0.0081
0.0048
0.0015
-0.0021
-0.0052
-0.0080
-0.0102
-0.0123
-0.0145
-0.0161
-0.0172
-0.0177
-0.0178
-0.0178
-0.0170
-0.0154
-0.0127
-0.0102
-0.0078
-0.0048
-0.0014
0.0023
0.0056
0.0087
0.0117
0.0144
0.0169
0.0185
0.0194
0.0201
0.0204
0.0206
0.0197
0.0182
0.0166
0.0148
0.0131
0.0111
0.0091
0.0068
0.0044
0.0020
-0.0005
-0.0030
-0.0056
-0.0081
-0.0103
-0.0122
-0.0134
-0.0150
-0.0167
-0.0180
-0.0188
-0.0188
-0.0190
-0.0189
-0.0180
-0.0165
-0.0144
-0.0124
-0.0100
-0.0075
-0.0047
-0.0015
0.0019
0.0052
0.0084
0.0112
0.0137
0.0153
0.0168
0.0180
0.0188
0.0191
0.0188
0.0181
0.0171
0.0161
0.0152
0.0142
0.0131
0.0116
0.0102
0.0086
0.0069
0.0056
0.0043
0.0030
0.0017
0.0006
0.0002
-0.0005
-0.0018
-0.0044
-0.0065
-0.0079
-0.0091
-0.0097
-0.0106
-0.0111
-0.0111
-0.0111
-0.0108
-0.0103
-0.0091
-0.0079
-0.0066
-0.0050
-0.0032
-0.0014
0.0003
0.0018
0.0044
0.0052
0.0050
0.0022
0.0008
0.0000
0.0000
0.0000
0.0000
0.0000
0.0000
0.0000
0.0000
0.0000
0.0000
0.0000
0.0000
0.0000
0.0000
