1.1060 
1.1060 
1.1058 
1.1053 
1.1052 
1.1050 
1.1050 
1.1050 
1.1053 
1.1059 
1.1056 
1.1056 
1.1056 
1.1054 
1.1051 
1.1050 
1.1048 
1.1045 
1.1042 
1.1040 
1.1032 
1.1033 
1.1035 
1.1030 
1.1030 
1.1029 
1.1033 
1.1032 
1.1027 
1.1028 
1.1030 
1.1024 
1.1021 
1.1016 
1.1017 
1.1016 
1.1016 
1.1013 
1.1011 
1.1008 
1.1003 
1.1004 
1.1000 
1.1005 
1.1000 
1.1003 
1.1009 
1.1011 
1.1009 
1.1010 
1.1011 
1.1016 
1.1012 
1.1015 
1.1020 
1.1027 
1.1023 
1.1027 
1.1026 
1.1032 
1.1032 
1.1035 
1.1043 
1.1041 
1.1043 
1.1045 
1.1047 
1.1051 
1.1056 
1.1060 
1.1060 
1.1063 
1.1068 
1.1071 
1.1073 
1.1082 
1.1084 
1.1086 
1.1090 
1.1095 
1.1095 
1.1102 
1.1104 
1.1104 
1.1108 
1.1108 
1.1113 
1.1114 
1.1119 
1.1126 
1.1128 
1.1131 
1.1134 
1.1138 
1.1140 
1.1143 
1.1147 
1.1148 
1.1153 
1.1152 
1.1158 
1.1164 
1.1169 
1.1172 
1.1170 
1.1169 
1.1173 
1.1175 
1.1174 
1.1180 
1.1182 
1.1186 
1.1183 
1.1186 
1.1188 
1.1187 
1.1190 
1.1189 
1.1195 
1.1189 
1.1191 
1.1196 
1.1195 
1.1195 
1.1196 
1.1200 
1.1197 
1.1197 
1.1199 
1.1200 
1.1200 
1.1201 
1.1199 
1.1202 
1.1199 
1.1201 
1.1202 
1.1201 
1.1200 
1.1201 
1.1200 
1.1200 
1.1204 
1.1201 
1.1203 
1.1198 
1.1204 
1.1204 
1.1205 
1.1209 
1.1212 
1.1209 
1.1209 
1.1205 
1.1206 
1.1204 
1.1205 
1.1205 
1.1199 
1.1201 
1.1197 
1.1197 
1.1191 
1.1189 
1.1184 
1.1180 
1.1175 
1.1173 
1.1169 
1.1167 
1.1163 
1.1161 
1.1153 
1.1150 
1.1145 
1.1138 
1.1137 
1.1126 
1.1126 
1.1124 
1.1119 
1.1110 
1.1110 
1.1098 
1.1098 
1.1093 
1.1092 
1.1087 
1.1092 
1.1085 
1.1082 
1.1070 
1.1067 
1.1067 
1.1066 
1.1074 
1.1069 
1.1065 
1.1057 
1.1052 
1.1046 
1.1043 
1.1046 
1.1040 
1.1039 
1.1030 
1.1026 
1.1024 
1.1019 
1.1017 
1.1010 
1.1008 
1.1011 
1.1005 
1.1006 
1.1002 
1.1003 
1.0995 
1.0993 
1.0988 
1.0990 
1.0985 
1.0981 
1.0975 
1.0974 
1.0972 
1.0967 
1.0969 
1.0969 
1.0966 
1.0970 
1.0967 
1.0966 
1.0966 
1.0960 
1.0967 
1.0966 
1.0960 
1.0962 
1.0969 
1.0966 
1.0975 
1.0975 
1.0977 
1.0979 
1.0983 
1.0987 
1.0987 
1.0987 
1.0988 
1.0996 
1.0998 
1.1005 
1.1007 
1.1014 
1.1023 
1.1021 
1.1031 
1.1031 
1.1038 
1.1045 
1.1055 
1.1059 
1.1067 
1.1067 
1.1073 
1.1078 
1.1079 
1.1084 
1.1086 
1.1090 
1.1094 
1.1099 
1.1101 
1.1107 
1.1108 
1.1113 
1.1117 
1.1122 
1.1126 
1.1130 
1.1136 
1.1137 
1.1142 
1.1147 
1.1152 
1.1158 
1.1167 
1.1166 
1.1172 
1.1170 
1.1174 
1.1177 
1.1178 
1.1182 
1.1185 
1.1187 
1.1188 
1.1191 
1.1189 
1.1196 
1.1199 
1.1196 
1.1198 
1.1202 
1.1200 
1.1202 
1.1203 
1.1203 
1.1205 
1.1208 
1.1207 
1.1207 
1.1210 
1.1212 
1.1213 
1.1215 
1.1216 
1.1217 
1.1218 
1.1215 
1.1219 
1.1219 
1.1218 
1.1225 
1.1224 
1.1224 
1.1221 
1.1223 
1.1224 
1.1227 
1.1229 
1.1232 
1.1235 
1.1237 
1.1233 
1.1230 
1.1232 
1.1232 
1.1235 
1.1232 
1.1232 
1.1232 
1.1231 
1.1233 
1.1234 
1.1232 
1.1232 
1.1229 
1.1234 
1.1231 
1.1232 
1.1233 
1.1231 
1.1234 
1.1234 
1.1231 
1.1232 
1.1230 
1.1229 
1.1228 
1.1227 
1.1226 
1.1223 
1.1223 
1.1219 
1.1215 
1.1216 
1.1212 
1.1214 
1.1207 
1.1207 
1.1203 
1.1199 
1.1196 
1.1190 
1.1193 
1.1189 
1.1189 
1.1184 
1.1178 
1.1168 
1.1168 
1.1163 
1.1163 
1.1159 
1.1154 
1.1152 
1.1148 
1.1140 
1.1141 
1.1138 
1.1132 
1.1130 
1.1123 
1.1128 
1.1120 
1.1111 
1.1110 
1.1107 
1.1098 
1.1088 
1.1081 
1.1072 
1.1068 
1.1059 
1.1055 
1.1046 
1.1042 
1.1035 
1.1029 
1.1024 
1.1016 
1.1017 
1.1007 
1.1004 
1.0995 
1.0995 
1.0991 
1.0996 
1.0995 
1.0998 
1.1000 
1.0997 
1.0993 
1.0995 
1.0981 
1.0986 
1.0981 
1.0984 
1.0976 
1.0981 
1.0978 
1.0978 
1.0985 
1.0978 
1.0986 
1.0983 
1.0987 
1.0994 
1.0994 
1.0996 
1.1000 
1.1006 
1.1018 
1.1015 
1.1022 
1.1018 
1.1029 
1.1034 
1.1039 
1.1046 
1.1048 
1.1058 
1.1058 
1.1066 
1.1071 
1.1074 
1.1082 
1.1089 
1.1092 
1.1098 
1.1106 
1.1109 
1.1113 
1.1120 
1.1126 
1.1132 
1.1138 
1.1145 
1.1148 
1.1150 
1.1148 
1.1151 
1.1156 
1.1160 
1.1165 
1.1170 
1.1169 
1.1174 
1.1177 
1.1176 
1.1180 
1.1184 
1.1186 
1.1189 
1.1191 
1.1197 
1.1199 
1.1203 
1.1205 
1.1205 
1.1208 
1.1213 
1.1211 
1.1216 
1.1216 
1.1218 
1.1220 
1.1221 
1.1220 
1.1225 
1.1226 
1.1226 
1.1227 
1.1230 
1.1231 
1.1232 
1.1234 
1.1234 
1.1237 
1.1235 
1.1238 
1.1241 
1.1246 
1.1246 
1.1245 
1.1245 
1.1245 
1.1244 
1.1246 
1.1248 
1.1247 
1.1246 
1.1248 
1.1250 
1.1250 
1.1249 
1.1250 
1.1246 
1.1248 
1.1246 
1.1249 
1.1249 
1.1251 
1.1253 
1.1251 
1.1249 
1.1248 
1.1249 
1.1248 
1.1250 
1.1250 
1.1251 
1.1251 
1.1249 
1.1252 
1.1254 
1.1251 
1.1252 
1.1252 
1.1253 
1.1253 
1.1255 
1.1256 
1.1253 
1.1252 
1.1254 
1.1256 
1.1258 
1.1261 
1.1262 
1.1261 
1.1259 
1.1258 
1.1256 
1.1259 
1.1259 
1.1260 
1.1259 
1.1256 
1.1255 
1.1258 
1.1254 
1.1256 
1.1256 
1.1255 
1.1253 
1.1251 
1.1253 
1.1254 
1.1253 
1.1255 
1.1253 
1.1254 
1.1251 
1.1253 
1.1250 
1.1248 
1.1245 
1.1242 
1.1242 
1.1241 
1.1239 
1.1239 
1.1240 
1.1236 
1.1236 
1.1233 
1.1236 14.9055 
1.1233 14.9055 
1.1232 14.9054 
1.1227 14.9054 
1.1227 14.9054 
1.1224 14.9053 
1.1225 14.9053 
1.1227 14.9052 
1.1223 14.9051 
1.1225 14.9049 
1.1216 14.9048 
1.1214 14.9045 
1.1208 14.9043 
1.1211 14.9040 
1.1205 14.9036 
1.1206 14.9032 
1.1202 14.9027 
1.1199 14.9021 
1.1192 14.9015 
1.1189 14.9008 
1.1185 14.9000 
1.1188 14.8991 
1.1181 14.8981 
1.1178 14.8971 
1.1176 14.8959 
1.1171 14.8947 
1.1167 14.8934 
1.1167 14.8921 
1.1162 14.8907 
1.1162 14.8891 
1.1155 14.8874 
1.1159 14.8857 
1.1149 14.8839 
1.1146 14.8819 
1.1150 14.8797 
1.1141 14.8775 
1.1139 14.8752 
1.1133 14.8728 
1.1135 14.8703 
1.1124 14.8678 
1.1124 14.8651 
1.1115 14.8623 
1.1114 14.8595 
1.1112 14.8565 
1.1119 14.8532 
1.1109 14.8500 
1.1107 14.8468 
1.1109 14.8436 
1.1104 14.8405 
1.1106 14.8371 
1.1103 14.8337 
1.1100 14.8303 
1.1106 14.8269 
1.1113 14.8228 
1.1116 14.8186 
1.1106 14.8150 
1.1104 14.8116 
1.1098 14.8083 
1.1097 14.8051 
1.1094 14.8019 
1.1102 14.7985 
1.1094 14.7955 
1.1091 14.7927 
1.1087 14.7904 
1.1084 14.7881 
1.1085 14.7859 
1.1085 14.7837 
1.1085 14.7817 
1.1090 14.7795 
1.1087 14.7778 
1.1091 14.7760 
1.1090 14.7743 
1.1093 14.7726 
1.1097 14.7709 
1.1104 14.7691 
1.1102 14.7675 
1.1101 14.7664 
1.1106 14.7651 
1.1104 14.7641 
1.1109 14.7631 
1.1117 14.7619 
1.1122 14.7603 
1.1131 14.7588 
1.1130 14.7573 
1.1132 14.7558 
1.1136 14.7543 
1.1142 14.7525 
1.1141 14.7511 
1.1144 14.7495 
1.1150 14.7480 
1.1151 14.7468 
1.1148 14.7459 
1.1157 14.7447 
1.1165 14.7434 
1.1165 14.7423 
1.1170 14.7411 
1.1175 14.7398 
1.1176 14.7388 
1.1178 14.7378 
1.1180 14.7369 
1.1186 14.7359 
1.1190 14.7350 
1.1195 14.7342 
1.1194 14.7336 
1.1196 14.7331 
1.1197 14.7326 
1.1198 14.7322 
1.1198 14.7319 
1.1206 14.7316 
1.1208 14.7314 
1.1208 14.7313 
1.1210 14.7313 
1.1212 14.7313 
1.1213 14.7315 
1.1214 14.7317 
1.1214 14.7321 
1.1218 14.7325 
1.1221 14.7331 
1.1218 14.7337 
1.1222 14.7344 
1.1223 14.7353 
1.1222 14.7363 
1.1228 14.7374 
1.1229 14.7387 
1.1228 14.7401 
1.1229 14.7416 
1.1233 14.7432 
1.1233 14.7450 
1.1232 14.7469 
1.1233 14.7489 
1.1233 14.7509 
1.1234 14.7530 
1.1233 14.7552 
1.1234 14.7576 
1.1231 14.7598 
1.1238 14.7627 
1.1237 14.7656 
1.1238 14.7686 
1.1239 14.7717 
1.1238 14.7750 
1.1238 14.7784 
1.1240 14.7820 
1.1239 14.7856 
1.1242 14.7893 
1.1242 14.7933 
1.1242 14.7972 
1.1240 14.8014 
1.1247 14.8059 
1.1247 14.8104 
1.1248 14.8149 
1.1252 14.8196 
1.1252 14.8240 
1.1249 14.8285 
1.1248 14.8328 
1.1249 14.8377 
1.1249 14.8427 
1.1249 14.8478 
1.1250 14.8530 
1.1250 14.8581 
1.1246 14.8635 
1.1250 14.8691 
1.1250 14.8752 
1.1249 14.8812 
1.1251 14.8881 
1.1250 14.8950 
1.1248 14.9022 
1.1246 14.9097 
1.1250 14.9181 
1.1248 14.9265 
1.1249 14.9353 
1.1249 14.9443 
1.1251 14.9539 
1.1249 14.9633 
1.1248 14.9734 
1.1248 14.9837 
1.1249 14.9944 
1.1247 15.0056 
1.1246 15.0166 
1.1248 15.0286 
1.1250 15.0406 
1.1248 15.0524 
1.1245 15.0642 
1.1247 15.0767 
1.1247 15.0890 
1.1247 15.1020 
1.1246 15.1147 
1.1245 15.1274 
1.1247 15.1401 
1.1244 15.1526 
1.1245 15.1645 
1.1248 15.1767 
1.1245 15.1886 
1.1247 15.2011 
1.1244 15.2132 
1.1245 15.2249 
1.1244 15.2362 
1.1244 15.2466 
1.1249 15.2570 
1.1249 15.2672 
1.1245 15.2771 
1.1246 15.2868 
1.1240 15.2958 
1.1239 15.3044 
1.1238 15.3122 
1.1238 15.3195 
1.1238 15.3262 
1.1235 15.3324 
1.1236 15.3380 
1.1232 15.3428 
1.1230 15.3468 
1.1227 15.3500 
1.1224 15.3525 
1.1225 15.3541 
1.1220 15.3549 
1.1220 15.3548 
1.1215 15.3539 
1.1214 15.3522 
1.1214 15.3497 
1.1213 15.3462 
1.1209 15.3419 
1.1208 15.3367 
1.1204 15.3308 
1.1200 15.3241 
1.1196 15.3165 
1.1197 15.3078 
1.1195 15.2983 
1.1194 15.2879 
1.1191 15.2766 
1.1182 15.2649 
1.1184 15.2523 
1.1183 15.2387 
1.1176 15.2249 
1.1178 15.2100 
1.1173 15.1944 
1.1170 15.1782 
1.1170 15.1606 
1.1169 15.1427 
1.1163 15.1242 
1.1166 15.1040 
1.1162 15.0833 
1.1160 15.0626 
1.1159 15.0408 
1.1154 15.0196 
1.1152 14.9978 
1.1157 14.9745 
1.1163 14.9499 
1.1161 14.9250 
1.1157 14.9002 
1.1152 14.8753 
1.1146 14.8504 
1.1140 14.8258 
1.1137 14.8023 
1.1137 14.7783 
1.1137 14.7548 
1.1130 14.7324 
1.1129 14.7110 
1.1124 14.6918 
1.1122 14.6722 
1.1117 14.6552 
1.1116 14.6380 
1.1108 14.6239 
1.1105 14.6115 
1.1099 14.6024 
1.1097 14.5946 
1.1088 14.5903 
1.1087 14.5860 
1.1080 14.5846 
1.1072 14.5859 
1.1073 14.5872 
1.1072 14.5898 
1.1064 14.5942 
1.1060 14.6003 
1.1065 14.6061 
1.1062 14.6133 
1.1067 14.6199 
1.1063 14.6283 
1.1072 14.6349 
1.1071 14.6426 
1.1067 14.6515 
1.1080 14.6587 
1.1082 14.6662 
1.1087 14.6733 
1.1090 14.6808 
1.1097 14.6871 
1.1099 14.6937 
1.1105 14.6999 
1.1109 14.7061 
1.1117 14.7119 
1.1116 14.7188 
1.1122 14.7245 
1.1121 14.7309 
1.1125 14.7363 
1.1135 14.7408 
1.1142 14.7447 
1.1147 14.7479 
1.1150 14.7511 
1.1153 14.7542 
1.1156 14.7570 
1.1151 14.7601 
1.1152 14.7631 
1.1156 14.7656 
1.1157 14.7681 
1.1161 14.7704 
1.1163 14.7723 
1.1164 14.7740 
1.1164 14.7757 
1.1164 14.7771 
1.1168 14.7782 
1.1166 14.7792 
1.1170 14.7799 
1.1174 14.7804 
1.1174 14.7807 
1.1177 14.7809 
1.1183 14.7808 
1.1187 14.7806 
1.1185 14.7802 
1.1187 14.7797 
1.1190 14.7791 
1.1191 14.7783 
1.1190 14.7773 
1.1193 14.7763 
1.1195 14.7753 
1.1197 14.7741 
1.1198 14.7729 
1.1200 14.7717 
1.1200 14.7699 
1.1205 14.7685 
1.1203 14.7667 
1.1207 14.7655 
1.1207 14.7640 
1.1210 14.7627 
1.1215 14.7615 
1.1214 14.7600 
1.1219 14.7585 
1.1218 14.7565 
1.1220 14.7546 
1.1221 14.7531 
1.1222 14.7522 
1.1223 14.7510 
1.1221 14.7496 
1.1224 14.7480 
1.1229 14.7477 
1.1231 14.7475 
1.1234 14.7477 
1.1233 14.7480 
1.1233 14.7481 
1.1236 14.7485 
1.1232 14.7485 
1.1235 14.7490 
1.1237 14.7504 
1.1234 14.7505 
1.1236 14.7513 
1.1238 14.7523 
1.1235 14.7527 
1.1236 14.7536 
1.1236 14.7540 
1.1235 14.7542 
1.1237 14.7552 
1.1239 14.7564 
1.1239 14.7579 
1.1238 14.7594 
1.1240 14.7613 
1.1236 14.7628 
1.1239 14.7649 
1.1241 14.7678 
1.1239 14.7704 
1.1238 14.7733 
1.1237 14.7768 
1.1241 14.7805 
1.1238 14.7844 
1.1240 14.7882 
1.1236 14.7924 
1.1237 14.7967 
1.1238 14.8016 
1.1237 14.8068 
1.1237 14.8124 
1.1238 14.8186 
1.1236 14.8242 
1.1238 14.8304 
1.1239 14.8365 
1.1239 14.8429 
1.1238 14.8498 
1.1240 14.8579 
1.1241 14.8658 
1.1240 14.8737 
1.1241 14.8816 
1.1240 14.8894 
1.1241 14.8975 
1.1240 14.9055 
1.1245 14.9138 
1.1243 14.9225 
1.1245 14.9308 
1.1245 14.9390 
1.1245 14.9471 
1.1244 14.9552 
1.1246 14.9633 
1.1243 14.9707 
1.1244 14.9782 
1.1246 14.9860 
1.1245 14.9933 
1.1247 15.0005 
1.1243 15.0076 
1.1243 15.0147 
1.1245 15.0219 
1.1244 15.0289 
1.1243 15.0356 
1.1243 15.0421 
1.1243 15.0484 
1.1245 15.0546 
1.1246 15.0604 
1.1246 15.0660 
1.1244 15.0712 
1.1246 15.0761 
1.1242 15.0805 
1.1242 15.0844 
1.1240 15.0879 
1.1241 15.0909 
1.1243 15.0935 
1.1241 15.0953 
1.1242 15.0966 
1.1239 15.0971 
1.1242 15.0968 
1.1241 15.0958 
1.1244 15.0939 
1.1243 15.0910 
