48.6074 12 12.3868 0.6338 | 17 16.8478 0.8620 | 0   1 -1 0.0000 0.0000 0.0000 
48.4896 12 12.3718 0.6330 | 17 16.8595 0.8626 | 0   2 -1 0.0000 0.0000 0.0000 
48.5178 12 12.3516 0.6320 | 17 16.8536 0.8623 | 0   3 -1 0.0000 0.0000 0.0000 
48.6216 12 12.3389 0.6313 | 17 16.8571 0.8625 | 0   4 -1 0.0000 0.0000 0.0000 
49.1087 12 12.3302 0.6309 | 17 16.8462 0.8620 | 0   5 -1 0.0000 0.0000 0.0000 
49.3413 12 12.3026 0.6295 | 17 16.8444 0.8619 | 0   6 -1 0.0000 0.0000 0.0000 
48.9404 12 12.2732 0.6280 | 17 16.8257 0.8609 | 0   7 -1 0.0000 0.0000 0.0000 
49.0653 12 12.2492 0.6268 | 17 16.8078 0.8600 | 0   8 -1 0.0000 0.0000 0.0000 
49.0052 12 12.2242 0.6255 | 17 16.8105 0.8601 | 0   9 -1 0.0000 0.0000 0.0000 
49.2805 12 12.1995 0.6242 | 17 16.8085 0.8600 | 0  10 -1 0.0000 0.0000 0.0000 
48.4355 12 12.1771 0.6231 | 17 16.7921 0.8592 | 0  11 -1 0.0000 0.0000 0.0000 
48.6500 12 12.1538 0.6219 | 17 16.7914 0.8592 | 0  12 -1 0.0000 0.0000 0.0000 
48.7519 12 12.1385 0.6211 | 17 16.7941 0.8593 | 0  13 -1 0.0000 0.0000 0.0000 
48.9333 12 12.1150 0.6199 | 17 16.7682 0.8580 | 0  14 -1 0.0000 0.0000 0.0000 
48.9908 12 12.0920 0.6187 | 17 16.7666 0.8579 | 0  15 -1 0.0000 0.0000 0.0000 
48.7995 12 12.0728 0.6177 | 17 16.7517 0.8571 | 0  16 -1 0.0000 0.0000 0.0000 
48.7496 12 12.0642 0.6173 | 17 16.7352 0.8563 | 0  17 -1 0.0000 0.0000 0.0000 
48.5767 12 12.0426 0.6162 | 17 16.7395 0.8565 | 0  18 -1 0.0000 0.0000 0.0000 
48.2439 12 12.0212 0.6151 | 17 16.7409 0.8566 | 0  19 -1 0.0000 0.0000 0.0000 
48.7900 12 11.9993 0.6140 | 17 16.7298 0.8560 | 0  20 -1 0.0000 0.0000 0.0000 
48.7401 12 11.9860 0.6133 | 17 16.7010 0.8545 | 0  21 -1 0.0000 0.0000 0.0000 
48.6831 12 11.9759 0.6128 | 17 16.7197 0.8555 | 0  22 -1 0.0000 0.0000 0.0000 
48.9788 12 11.9650 0.6122 | 17 16.6869 0.8538 | 0  23 -1 0.0000 0.0000 0.0000 
48.5437 12 11.9480 0.6113 | 17 16.7045 0.8547 | 0  24 -1 0.0000 0.0000 0.0000 
49.1787 12 11.9394 0.6109 | 17 16.6833 0.8536 | 0  25 -1 0.0000 0.0000 0.0000 
48.7163 12 11.9435 0.6111 | 17 16.6716 0.8530 | 0  26 -1 0.0000 0.0000 0.0000 
48.2160 12 11.9460 0.6112 | 17 16.6570 0.8523 | 0  27 -1 0.0000 0.0000 0.0000 
48.9476 12 11.9381 0.6108 | 17 16.6313 0.8510 | 0  28 -1 0.0000 0.0000 0.0000 
48.9261 12 11.9177 0.6098 | 17 16.6610 0.8525 | 0  29 -1 0.0000 0.0000 0.0000 
49.1063 12 11.9147 0.6096 | 17 16.6284 0.8508 | 0  30 -1 0.0000 0.0000 0.0000 
49.0677 12 11.9045 0.6091 | 17 16.6220 0.8505 | 0  31 -1 0.0000 0.0000 0.0000 
48.8091 12 11.8931 0.6085 | 17 16.6086 0.8498 | 0  32 -1 0.0000 0.0000 0.0000 
49.0436 12 11.8737 0.6075 | 17 16.6110 0.8499 | 0  33 -1 0.0000 0.0000 0.0000 
48.8019 12 11.8572 0.6067 | 17 16.6067 0.8497 | 0  34 -1 0.0000 0.0000 0.0000 
48.6216 12 11.8348 0.6055 | 17 16.6156 0.8502 | 0  35 -1 0.0000 0.0000 0.0000 
48.8019 12 11.8086 0.6042 | 17 16.5913 0.8489 | 0  36 -1 0.0000 0.0000 0.0000 
48.8902 12 11.7902 0.6033 | 17 16.5765 0.8482 | 0  37 -1 0.0000 0.0000 0.0000 
48.9285 12 11.7744 0.6025 | 17 16.5691 0.8478 | 0  38 -1 0.0000 0.0000 0.0000 
48.8353 12 11.7614 0.6018 | 17 16.5524 0.8469 | 0  39 -1 0.0000 0.0000 0.0000 
48.6689 12 11.7476 0.6011 | 17 16.5506 0.8468 | 0  40 -1 0.0000 0.0000 0.0000 
48.6334 12 11.7327 0.6003 | 17 16.5411 0.8464 | 0  41 -1 0.0000 0.0000 0.0000 
49.1981 12 11.7198 0.5997 | 17 16.5388 0.8462 | 0  42 -1 0.0000 0.0000 0.0000 
48.6973 12 11.7035 0.5988 | 17 16.5118 0.8449 | 0  43 -1 0.0000 0.0000 0.0000 
48.7876 12 11.6950 0.5984 | 17 16.5070 0.8446 | 0  44 -1 0.0000 0.0000 0.0000 
48.5154 12 11.6846 0.5979 | 16 16.4943 0.8440 | 0  45 -1 0.0000 0.0000 0.0000 
48.7092 12 11.6718 0.5972 | 16 16.4984 0.8442 | 0  46 -1 0.0000 0.0000 0.0000 
48.6784 12 11.6631 0.5968 | 16 16.4935 0.8439 | 0  47 -1 0.0000 0.0000 0.0000 
49.0340 12 11.6610 0.5967 | 16 16.4739 0.8429 | 0  48 -1 0.0000 0.0000 0.0000 
49.0894 12 11.6551 0.5964 | 16 16.4865 0.8436 | 0  49 -1 0.0000 0.0000 0.0000 
48.7519 12 11.6534 0.5963 | 16 16.4712 0.8428 | 0  50 -1 0.0000 0.0000 0.0000 
48.9740 12 11.6474 0.5960 | 16 16.4612 0.8423 | 0  51 -1 0.0000 0.0000 0.0000 
48.8878 12 11.6509 0.5961 | 16 16.4694 0.8427 | 0  52 -1 0.0000 0.0000 0.0000 
49.2296 12 11.6422 0.5957 | 16 16.4556 0.8420 | 0  53 -1 0.0000 0.0000 0.0000 
48.5460 12 11.6441 0.5958 | 16 16.4605 0.8422 | 0  54 -1 0.0000 0.0000 0.0000 
49.0557 12 11.6443 0.5958 | 16 16.4622 0.8423 | 0  55 -1 0.0000 0.0000 0.0000 
48.9476 12 11.6424 0.5957 | 16 16.4592 0.8422 | 0  56 -1 0.0000 0.0000 0.0000 
48.8067 12 11.6370 0.5954 | 16 16.4587 0.8421 | 0  57 -1 0.0000 0.0000 0.0000 
48.5743 12 11.6409 0.5956 | 16 16.4631 0.8424 | 0  58 -1 0.0000 0.0000 0.0000 
48.5343 12 11.6494 0.5961 | 16 16.4666 0.8425 | 0  59 -1 0.0000 0.0000 0.0000 
48.7733 12 11.6549 0.5963 | 16 16.4664 0.8425 | 0  60 -1 0.0000 0.0000 0.0000 
48.9668 12 11.6591 0.5966 | 16 16.4642 0.8424 | 0  61 -1 0.0000 0.0000 0.0000 
48.7781 12 11.6700 0.5971 | 16 16.4647 0.8424 | 0  62 -1 0.0000 0.0000 0.0000 
48.7424 12 11.6643 0.5968 | 16 16.4666 0.8425 | 0  63 -1 0.0000 0.0000 0.0000 
48.9644 12 11.6644 0.5968 | 16 16.4632 0.8424 | 0  64 -1 0.0000 0.0000 0.0000 
48.5131 12 11.6657 0.5969 | 16 16.4645 0.8424 | 0  65 -1 0.0000 0.0000 0.0000 
49.1376 12 11.6693 0.5971 | 16 16.4766 0.8431 | 0  66 -1 0.0000 0.0000 0.0000 
48.8424 12 11.6785 0.5975 | 16 16.4681 0.8426 | 0  67 -1 0.0000 0.0000 0.0000 
48.1232 12 11.6788 0.5976 | 16 16.4655 0.8425 | 0  68 -1 0.0000 0.0000 0.0000 
48.7686 12 11.6783 0.5975 | 16 16.4685 0.8426 | 0  69 -1 0.0000 0.0000 0.0000 
48.7258 12 11.6793 0.5976 | 16 16.4697 0.8427 | 0  70 -1 0.0000 0.0000 0.0000 
49.1135 12 11.6841 0.5978 | 16 16.4755 0.8430 | 0  71 -1 0.0000 0.0000 0.0000 
48.9740 12 11.6866 0.5980 | 16 16.4822 0.8433 | 0  72 -1 0.0000 0.0000 0.0000 
49.0004 12 11.6977 0.5985 | 16 16.4876 0.8436 | 0  73 -1 0.0000 0.0000 0.0000 
48.5956 12 11.7103 0.5992 | 16 16.4821 0.8433 | 0  74 -1 0.0000 0.0000 0.0000 
48.9884 12 11.7182 0.5996 | 16 16.4920 0.8438 | 0  75 -1 0.0000 0.0000 0.0000 
48.9285 12 11.7331 0.6003 | 16 16.4947 0.8440 | 0  76 -1 0.0000 0.0000 0.0000 
48.6429 12 11.7390 0.6006 | 17 16.5184 0.8452 | 0  77 -1 0.0000 0.0000 0.0000 
48.7948 12 11.7475 0.6011 | 17 16.5042 0.8445 | 0  78 -1 0.0000 0.0000 0.0000 
49.0629 12 11.7498 0.6012 | 17 16.5027 0.8444 | 0  79 -1 0.0000 0.0000 0.0000 
48.4191 12 11.7608 0.6018 | 17 16.5325 0.8459 | 0  80 -1 0.0000 0.0000 0.0000 
48.9141 12 11.7682 0.6021 | 17 16.5195 0.8452 | 0  81 -1 0.0000 0.0000 0.0000 
48.9932 12 11.7731 0.6024 | 17 16.5394 0.8463 | 0  82 -1 0.0000 0.0000 0.0000 
49.0629 12 11.7775 0.6026 | 17 16.5062 0.8446 | 0  83 -1 0.0000 0.0000 0.0000 
48.8544 12 11.7902 0.6033 | 17 16.5234 0.8454 | 0  84 -1 0.0000 0.0000 0.0000 
48.6098 12 11.8003 0.6038 | 17 16.5379 0.8462 | 0  85 -1 0.0000 0.0000 0.0000 
48.5107 12 11.8177 0.6047 | 17 16.5286 0.8457 | 0  86 -1 0.0000 0.0000 0.0000 
48.7258 12 11.8358 0.6056 | 17 16.5484 0.8467 | 0  87 -1 0.0000 0.0000 0.0000 
48.5060 12 11.8492 0.6063 | 17 16.5608 0.8474 | 0  88 -1 0.0000 0.0000 0.0000 
48.6121 12 11.8758 0.6076 | 17 16.5561 0.8471 | 0  89 -1 0.0000 0.0000 0.0000 
48.6997 12 11.8990 0.6088 | 17 16.5931 0.8490 | 0  90 -1 0.0000 0.0000 0.0000 
48.7924 12 11.9248 0.6102 | 17 16.5958 0.8492 | 0  91 -1 0.0000 0.0000 0.0000 
49.0725 12 11.9486 0.6114 | 17 16.6181 0.8503 | 0  92 -1 0.0000 0.0000 0.0000 
49.1690 12 11.9688 0.6124 | 17 16.6410 0.8515 | 0  93 -1 0.0000 0.0000 0.0000 
48.7615 12 11.9918 0.6136 | 17 16.6410 0.8515 | 0  94 -1 0.0000 0.0000 0.0000 
49.3145 12 12.0177 0.6149 | 17 16.6818 0.8536 | 0  95 -1 0.0000 0.0000 0.0000 
49.1328 12 12.0624 0.6172 | 17 16.6808 0.8535 | 0  96 -1 0.0000 0.0000 0.0000 
49.0461 12 12.1141 0.6198 | 17 16.7039 0.8547 | 0  97 -1 0.0000 0.0000 0.0000 
48.7163 12 12.1480 0.6216 | 17 16.6944 0.8542 | 0  98 -1 0.0000 0.0000 0.0000 
48.8950 12 12.1735 0.6229 | 17 16.6841 0.8537 | 0  99 -1 0.0000 0.0000 0.0000 
48.2346 12 12.1900 0.6237 | 17 16.7152 0.8553 | 0 100 -1 0.0000 0.0000 0.0000 
48.7068 12 12.2086 0.6247 | 17 16.6836 0.8536 | 0 101 -1 0.0000 0.0000 0.0000 
48.9333 12 12.2342 0.6260 | 17 16.7464 0.8569 | 0 102 -1 0.0000 0.0000 0.0000 
49.1836 12 12.2544 0.6270 | 17 16.6870 0.8538 | 0 103 -1 0.0000 0.0000 0.0000 
48.2859 12 12.2681 0.6277 | 17 16.7478 0.8569 | 0 104 -1 0.0000 0.0000 0.0000 
48.7710 12 12.2645 0.6275 | 17 16.7297 0.8560 | 0 105 -1 0.0000 0.0000 0.0000 
49.2368 12 12.2777 0.6282 | 17 16.7576 0.8574 | 0 106 -1 0.0000 0.0000 0.0000 
48.5154 12 12.2959 0.6291 | 17 16.7606 0.8576 | 0 107 -1 0.0000 0.0000 0.0000 
49.1352 12 12.3187 0.6303 | 17 16.7756 0.8584 | 0 108 -1 0.0000 0.0000 0.0000 
49.0629 12 12.3356 0.6312 | 17 16.7843 0.8588 | 0 109 -1 0.0000 0.0000 0.0000 
48.5225 12 12.3598 0.6324 | 17 16.7817 0.8587 | 0 110 -1 0.0000 0.0000 0.0000 
48.9452 12 12.3777 0.6333 | 17 16.8038 0.8598 | 0 111 -1 0.0000 0.0000 0.0000 
48.6784 12 12.3929 0.6341 | 17 16.7876 0.8590 | 0 112 -1 0.0000 0.0000 0.0000 
48.7377 12 12.3883 0.6339 | 17 16.7954 0.8594 | 0 113 -1 0.0000 0.0000 0.0000 
48.8544 12 12.3858 0.6337 | 17 16.8116 0.8602 | 0 114 -1 0.0000 0.0000 0.0000 
48.8329 12 12.3935 0.6341 | 17 16.8128 0.8603 | 0 115 -1 0.0000 0.0000 0.0000 
48.7662 12 12.3910 0.6340 | 17 16.8169 0.8605 | 0 116 -1 0.0000 0.0000 0.0000 
48.9285 12 12.3967 0.6343 | 17 16.8148 0.8604 | 0 117 -1 0.0000 0.0000 0.0000 
49.0196 12 12.4012 0.6345 | 17 16.8217 0.8607 | 0 118 -1 0.0000 0.0000 0.0000 
49.0485 12 12.4145 0.6352 | 17 16.8199 0.8606 | 0 119 -1 0.0000 0.0000 0.0000 
49.0004 12 12.4278 0.6359 | 17 16.8117 0.8602 | 0 120 -1 0.0000 0.0000 0.0000 
48.8091 12 12.4258 0.6358 | 17 16.8235 0.8608 | 0 121 -1 0.0000 0.0000 0.0000 
48.2882 12 12.4444 0.6367 | 17 16.8216 0.8607 | 0 122 -1 0.0000 0.0000 0.0000 
48.6547 12 12.4486 0.6370 | 17 16.8309 0.8612 | 0 123 -1 0.0000 0.0000 0.0000 
48.8043 12 12.4674 0.6379 | 17 16.8184 0.8605 | 0 124 -1 0.0000 0.0000 0.0000 
48.7092 12 12.4679 0.6379 | 17 16.8194 0.8606 | 0 125 -1 0.0000 0.0000 0.0000 
48.6997 12 12.4897 0.6391 | 17 16.8310 0.8612 | 0 126 -1 0.0000 0.0000 0.0000 
48.9572 12 12.4901 0.6391 | 17 16.8252 0.8609 | 0 127 -1 0.0000 0.0000 0.0000 
48.9213 13 12.5078 0.6400 | 17 16.8345 0.8614 | 0 128 -1 0.0000 0.0000 0.0000 
48.8591 13 12.5247 0.6408 | 17 16.8377 0.8615 | 0 129 -1 0.0000 0.0000 0.0000 
48.8496 13 12.5429 0.6418 | 17 16.8511 0.8622 | 0 130 -1 0.0000 0.0000 0.0000 
48.3957 13 12.5494 0.6421 | 17 16.8359 0.8614 | 0 131 -1 0.0000 0.0000 0.0000 
48.6879 13 12.5565 0.6425 | 17 16.8436 0.8618 | 0 132 -1 0.0000 0.0000 0.0000 
49.2514 13 12.5652 0.6429 | 17 16.8434 0.8618 | 0 133 -1 0.0000 0.0000 0.0000 
48.9141 13 12.5764 0.6435 | 17 16.8121 0.8602 | 0 134 -1 0.0000 0.0000 0.0000 
48.8353 13 12.5877 0.6441 | 17 16.8041 0.8598 | 0 135 -1 0.0000 0.0000 0.0000 
48.8639 13 12.5968 0.6445 | 17 16.8323 0.8613 | 0 136 -1 0.0000 0.0000 0.0000 
49.2005 13 12.6017 0.6448 | 17 16.8142 0.8603 | 0 137 -1 0.0000 0.0000 0.0000 
48.8091 13 12.6052 0.6450 | 17 16.8568 0.8625 | 0 138 -1 0.0000 0.0000 0.0000 
48.3887 13 12.5994 0.6447 | 17 16.8287 0.8611 | 0 139 -1 0.0000 0.0000 0.0000 
48.6121 13 12.5839 0.6439 | 17 16.8223 0.8607 | 0 140 -1 0.0000 0.0000 0.0000 
48.5767 13 12.5883 0.6441 | 17 16.8438 0.8618 | 0 141 -1 0.0000 0.0000 0.0000 
48.6452 13 12.5841 0.6439 | 17 16.8496 0.8621 | 0 142 -1 0.0000 0.0000 0.0000 
49.0749 13 12.5861 0.6440 | 17 16.8451 0.8619 | 0 143 -1 0.0000 0.0000 0.0000 
49.0436 13 12.5870 0.6440 | 17 16.8379 0.8615 | 0 144 -1 0.0000 0.0000 0.0000 
48.9668 13 12.5911 0.6442 | 17 16.8534 0.8623 | 0 145 -1 0.0000 0.0000 0.0000 
48.5791 13 12.5857 0.6440 | 17 16.8561 0.8625 | 0 146 -1 0.0000 0.0000 0.0000 
48.4990 13 12.5861 0.6440 | 17 16.8232 0.8608 | 0 147 -1 0.0000 0.0000 0.0000 
49.2805 13 12.5802 0.6437 | 17 16.8489 0.8621 | 0 148 -1 0.0000 0.0000 0.0000 
48.8472 13 12.5769 0.6435 | 17 16.8328 0.8613 | 0 149 -1 0.0000 0.0000 0.0000 
48.7068 13 12.5713 0.6432 | 17 16.8339 0.8613 | 0 150 -1 0.0000 0.0000 0.0000 
48.9548 13 12.5563 0.6425 | 17 16.8288 0.8611 | 0 151 -1 0.0000 0.0000 0.0000 
49.3024 13 12.5605 0.6427 | 17 16.8266 0.8610 | 0 152 -1 0.0000 0.0000 0.0000 
48.6855 13 12.5547 0.6424 | 17 16.8209 0.8607 | 0 153 -1 0.0000 0.0000 0.0000 
47.8583 13 12.5420 0.6417 | 17 16.8094 0.8601 | 0 154 -1 0.0000 0.0000 0.0000 
48.9932 13 12.5458 0.6419 | 17 16.8161 0.8604 | 0 155 -1 0.0000 0.0000 0.0000 
48.8830 13 12.5411 0.6417 | 17 16.8057 0.8599 | 0 156 -1 0.0000 0.0000 0.0000 
48.7496 13 12.5468 0.6420 | 17 16.8265 0.8610 | 0 157 -1 0.0000 0.0000 0.0000 
48.6547 13 12.5416 0.6417 | 17 16.8059 0.8599 | 0 158 -1 0.0000 0.0000 0.0000 
48.9093 13 12.5506 0.6422 | 17 16.8370 0.8615 | 0 159 -1 0.0000 0.0000 0.0000 
48.8615 13 12.5599 0.6427 | 17 16.8156 0.8604 | 0 160 -1 0.0000 0.0000 0.0000 
48.5885 13 12.5726 0.6433 | 17 16.7915 0.8592 | 0 161 -1 0.0000 0.0000 0.0000 
48.8067 13 12.5852 0.6439 | 17 16.8160 0.8604 | 0 162 -1 0.0000 0.0000 0.0000 
49.2708 13 12.6012 0.6448 | 17 16.8069 0.8600 | 0 163 -1 0.0000 0.0000 0.0000 
48.6287 13 12.6120 0.6453 | 17 16.7930 0.8592 | 0 164 -1 0.0000 0.0000 0.0000 
48.8974 13 12.6433 0.6469 | 17 16.7958 0.8594 | 0 165 -1 0.0000 0.0000 0.0000 
49.1063 13 12.6582 0.6477 | 17 16.7999 0.8596 | 0 166 -1 0.0000 0.0000 0.0000 
48.1997 13 12.6685 0.6482 | 17 16.7865 0.8589 | 0 167 -1 0.0000 0.0000 0.0000 
47.8606 13 12.6608 0.6478 | 17 16.7743 0.8583 | 0 168 -1 0.0000 0.0000 0.0000 
48.6098 13 12.6800 0.6488 | 17 16.7614 0.8576 | 0 169 -1 0.0000 0.0000 0.0000 
48.5625 13 12.6954 0.6496 | 17 16.7596 0.8575 | 0 170 -1 0.0000 0.0000 0.0000 
48.9908 13 12.7020 0.6499 | 17 16.7461 0.8568 | 0 171 -1 0.0000 0.0000 0.0000 
49.1594 13 12.7053 0.6501 | 17 16.7343 0.8562 | 0 172 -1 0.0000 0.0000 0.0000 
48.3840 13 12.7114 0.6504 | 17 16.7613 0.8576 | 0 173 -1 0.0000 0.0000 0.0000 
48.6381 13 12.7105 0.6504 | 17 16.7714 0.8581 | 0 174 -1 0.0000 0.0000 0.0000 
48.9668 13 12.7041 0.6500 | 17 16.7795 0.8586 | 0 175 -1 0.0000 0.0000 0.0000 
49.1400 13 12.6944 0.6495 | 17 16.7586 0.8575 | 0 176 -1 0.0000 0.0000 0.0000 
48.8854 13 12.6829 0.6489 | 17 16.7635 0.8577 | 0 177 -1 0.0000 0.0000 0.0000 
48.7948 13 12.6718 0.6484 | 17 16.7479 0.8569 | 0 178 -1 0.0000 0.0000 0.0000 
48.9237 13 12.6609 0.6478 | 17 16.7628 0.8577 | 0 179 -1 0.0000 0.0000 0.0000 
48.8377 13 12.6495 0.6472 | 17 16.7713 0.8581 | 0 180 -1 0.0000 0.0000 0.0000 
48.1696 13 12.6252 0.6460 | 17 16.7771 0.8584 | 0 181 -1 0.0000 0.0000 0.0000 
48.8759 13 12.6089 0.6452 | 17 16.7970 0.8594 | 0 182 -1 0.0000 0.0000 0.0000 
48.6926 13 12.5833 0.6438 | 17 16.7857 0.8589 | 0 183 -1 0.0000 0.0000 0.0000 
48.5625 13 12.5596 0.6426 | 17 16.7695 0.8580 | 0 184 -1 0.0000 0.0000 0.0000 
48.7543 13 12.5432 0.6418 | 17 16.7809 0.8586 | 0 185 -1 0.0000 0.0000 0.0000 
48.3138 13 12.5168 0.6404 | 17 16.7909 0.8591 | 0 186 -1 0.0000 0.0000 0.0000 
48.7282 12 12.4795 0.6385 | 17 16.7896 0.8591 | 0 187 -1 0.0000 0.0000 0.0000 
48.6192 12 12.4542 0.6372 | 17 16.7981 0.8595 | 0 188 -1 0.0000 0.0000 0.0000 
48.8639 12 12.4244 0.6357 | 17 16.7695 0.8580 | 0 189 -1 0.0000 0.0000 0.0000 
49.0701 12 12.3980 0.6344 | 17 16.7850 0.8588 | 0 190 -1 0.0000 0.0000 0.0000 
48.9644 12 12.3673 0.6328 | 17 16.7600 0.8576 | 0 191 -1 0.0000 0.0000 0.0000 
48.8257 12 12.3302 0.6309 | 17 16.7739 0.8583 | 0 192 -1 0.0000 0.0000 0.0000 
48.5060 12 12.3099 0.6299 | 17 16.7650 0.8578 | 0 193 -1 0.0000 0.0000 0.0000 
49.0100 12 12.2879 0.6287 | 17 16.7653 0.8578 | 0 194 -1 0.0000 0.0000 0.0000 
49.1739 12 12.2733 0.6280 | 17 16.7749 0.8583 | 0 195 -1 0.0000 0.0000 0.0000 
48.5225 12 12.2606 0.6273 | 17 16.7872 0.8589 | 0 196 -1 0.0000 0.0000 0.0000 
48.6689 12 12.2500 0.6268 | 17 16.7703 0.8581 | 0 197 -1 0.0000 0.0000 0.0000 
48.5979 12 12.2328 0.6259 | 17 16.7852 0.8588 | 0 198 -1 0.0000 0.0000 0.0000 
48.6121 12 12.2317 0.6259 | 17 16.7826 0.8587 | 0 199 -1 0.0000 0.0000 0.0000 
48.5625 12 12.2380 0.6262 | 17 16.7452 0.8568 | 0 200 -1 0.0000 0.0000 0.0000 
48.8186 12 12.2456 0.6266 | 17 16.7618 0.8576 | 0 201 -1 0.0000 0.0000 0.0000 
48.4990 12 12.2615 0.6274 | 17 16.7932 0.8593 | 0 202 -1 0.0000 0.0000 0.0000 
49.0220 12 12.2710 0.6279 | 17 16.7488 0.8570 | 0 203 -1 0.0000 0.0000 0.0000 
48.6571 12 12.2871 0.6287 | 17 16.7528 0.8572 | 0 204 -1 0.0000 0.0000 0.0000 
48.9045 12 12.3023 0.6295 | 17 16.7901 0.8591 | 0 205 -1 0.0000 0.0000 0.0000 
48.6334 12 12.2981 0.6293 | 17 16.7614 0.8576 | 0 206 -1 0.0000 0.0000 0.0000 
49.1497 12 12.2794 0.6283 | 17 16.7648 0.8578 | 0 207 -1 0.0000 0.0000 0.0000 
48.6003 12 12.2678 0.6277 | 17 16.7555 0.8573 | 0 208 -1 0.0000 0.0000 0.0000 
48.8114 12 12.2469 0.6266 | 17 16.7654 0.8578 | 0 209 -1 0.0000 0.0000 0.0000 
48.9860 12 12.2350 0.6260 | 17 16.7924 0.8592 | 0 210 -1 0.0000 0.0000 0.0000 
48.5696 12 12.2001 0.6242 | 17 16.8032 0.8598 | 0 211 -1 0.0000 0.0000 0.0000 
49.1063 12 12.1577 0.6221 | 17 16.7800 0.8586 | 0 212 -1 0.0000 0.0000 0.0000 
48.8019 12 12.1149 0.6199 | 17 16.7398 0.8565 | 0 213 -1 0.0000 0.0000 0.0000 
48.7116 12 12.0716 0.6177 | 17 16.7332 0.8562 | 0 214 -1 0.0000 0.0000 0.0000 
48.7496 12 12.0488 0.6165 | 17 16.7545 0.8573 | 0 215 -1 0.0000 0.0000 0.0000 
48.4801 12 12.0296 0.6155 | 17 16.7853 0.8588 | 0 216 -1 0.0000 0.0000 0.0000 
48.9189 12 12.0000 0.6140 | 17 16.7919 0.8592 | 0 217 -1 0.0000 0.0000 0.0000 
48.7710 12 11.9700 0.6125 | 17 16.7673 0.8579 | 0 218 -1 0.0000 0.0000 0.0000 
48.8043 12 11.9400 0.6109 | 17 16.7239 0.8557 | 0 219 -1 0.0000 0.0000 0.0000 
49.1594 12 11.9108 0.6094 | 17 16.7314 0.8561 | 0 220 -1 0.0000 0.0000 0.0000 
49.0196 12 11.8742 0.6076 | 17 16.7049 0.8547 | 0 221 -1 0.0000 0.0000 0.0000 
48.5649 12 11.8437 0.6060 | 17 16.6931 0.8541 | 0 222 -1 0.0000 0.0000 0.0000 
48.4966 12 11.8266 0.6051 | 17 16.7072 0.8549 | 0 223 -1 0.0000 0.0000 0.0000 
49.0412 12 11.8029 0.6039 | 17 16.6994 0.8545 | 0 224 -1 0.0000 0.0000 0.0000 
48.8591 12 11.7829 0.6029 | 17 16.6931 0.8541 | 0 225 -1 0.0000 0.0000 0.0000 
48.5767 12 11.7651 0.6020 | 17 16.6710 0.8530 | 0 226 -1 0.0000 0.0000 0.0000 
48.2137 12 11.7537 0.6014 | 17 16.6107 0.8499 | 0 227 -1 0.0000 0.0000 0.0000 
48.9884 12 11.7428 0.6008 | 17 16.6274 0.8508 | 0 228 -1 0.0000 0.0000 0.0000 
48.8210 12 11.7305 0.6002 | 17 16.6148 0.8501 | 0 229 -1 0.0000 0.0000 0.0000 
48.6973 12 11.7286 0.6001 | 17 16.5877 0.8487 | 0 230 -1 0.0000 0.0000 0.0000 
48.9452 12 11.7258 0.6000 | 17 16.5973 0.8492 | 0 231 -1 0.0000 0.0000 0.0000 
48.1881 12 11.7208 0.5997 | 17 16.5816 0.8484 | 0 232 -1 0.0000 0.0000 0.0000 
48.4262 12 11.7200 0.5997 | 17 16.6165 0.8502 | 0 233 -1 0.0000 0.0000 0.0000 
48.8448 12 11.7228 0.5998 | 17 16.6173 0.8503 | 0 234 -1 0.0000 0.0000 0.0000 
48.6618 12 11.7143 0.5994 | 17 16.6034 0.8495 | 0 235 -1 0.0000 0.0000 0.0000 
48.9309 12 11.7072 0.5990 | 17 16.5789 0.8483 | 0 236 -1 0.0000 0.0000 0.0000 
48.4520 12 11.7066 0.5990 | 17 16.6275 0.8508 | 0 237 -1 0.0000 0.0000 0.0000 
49.3048 12 11.7114 0.5992 | 17 16.6378 0.8513 | 0 238 -1 0.0000 0.0000 0.0000 
48.7805 12 11.7246 0.5999 | 17 16.6509 0.8520 | 0 239 -1 0.0000 0.0000 0.0000 
49.0076 12 11.7275 0.6001 | 17 16.6482 0.8518 | 0 240 -1 0.0000 0.0000 0.0000 
48.8591 12 11.7341 0.6004 | 17 16.6516 0.8520 | 0 241 -1 0.0000 0.0000 0.0000 
48.4308 12 11.7255 0.6000 | 17 16.6058 0.8497 | 0 242 -1 0.0000 0.0000 0.0000 
48.6879 12 11.7251 0.5999 | 17 16.6074 0.8497 | 0 243 -1 0.0000 0.0000 0.0000 
49.1642 12 11.7311 0.6002 | 17 16.6656 0.8527 | 0 244 -1 0.0000 0.0000 0.0000 
48.2463 12 11.7257 0.6000 | 17 16.6258 0.8507 | 0 245 -1 0.0000 0.0000 0.0000 
48.5296 12 11.7307 0.6002 | 17 16.6305 0.8509 | 0 246 -1 0.0000 0.0000 0.0000 
48.8878 12 11.7314 0.6003 | 17 16.6294 0.8509 | 0 247 -1 0.0000 0.0000 0.0000 
48.5037 12 11.7249 0.5999 | 17 16.6215 0.8505 | 0 248 -1 0.0000 0.0000 0.0000 
49.0605 12 11.7260 0.6000 | 17 16.6594 0.8524 | 0 249 -1 0.0000 0.0000 0.0000 
48.5932 12 11.7213 0.5997 | 17 16.6555 0.8522 | 0 250 -1 0.0000 0.0000 0.0000 
49.0292 12 11.7298 0.6002 | 17 16.6692 0.8529 | 0 251 -1 0.0000 0.0000 0.0000 
48.2160 12 11.7284 0.6001 | 17 16.7075 0.8549 | 0 252 -1 0.0000 0.0000 0.0000 
48.4707 12 11.7389 0.6006 | 17 16.7035 0.8547 | 0 253 -1 0.0000 0.0000 0.0000 
49.0846 12 11.7335 0.6004 | 17 16.6416 0.8515 | 0 254 -1 0.0000 0.0000 0.0000 
48.7519 12 11.7321 0.6003 | 17 16.6857 0.8538 | 0 255 -1 0.0000 0.0000 0.0000 
49.1352 12 11.7354 0.6005 | 17 16.6872 0.8538 | 0 256  3 2.5287 12.6437 26.7140 
48.8114 12 11.7383 0.6006 | 17 16.6782 0.8534 | 0 257  3 2.6316 13.1582 26.6519 
48.8043 12 11.7409 0.6007 | 17 16.7258 0.8558 | 0 258  3 2.6995 13.4973 26.5832 
48.3910 12 11.7395 0.6007 | 17 16.7028 0.8546 | 0 259  3 2.7474 13.7369 26.5078 
48.7591 12 11.7464 0.6010 | 17 16.6910 0.8540 | 0 260  3 2.7830 13.9148 26.4258 
48.8305 12 11.7508 0.6013 | 17 16.6625 0.8526 | 0 261  3 2.8104 14.0518 26.3372 
48.7686 12 11.7593 0.6017 | 17 16.6729 0.8531 | 0 262  3 2.8320 14.1602 26.2420 
48.5154 12 11.7670 0.6021 | 17 16.6313 0.8510 | 0 263  3 2.8496 14.2479 26.1402 
49.0918 12 11.7828 0.6029 | 17 16.7161 0.8553 | 0 264  3 2.8640 14.3202 26.0318 
48.8591 12 11.8039 0.6040 | 17 16.6811 0.8535 | 0 265  3 2.8761 14.3807 25.9167 
48.8926 12 11.8094 0.6042 | 17 16.6989 0.8544 | 0 266  3 2.8864 14.4319 25.7951 
49.0412 12 11.8293 0.6053 | 17 16.7061 0.8548 | 0 267  3 2.8951 14.4756 25.6669 
48.7140 12 11.8541 0.6065 | 17 16.6976 0.8544 | 0 268  3 2.9027 14.5134 25.5321 
49.0316 12 11.8786 0.6078 | 17 16.7146 0.8552 | 0 269  3 2.9092 14.5462 25.3907 
48.8472 12 11.8976 0.6088 | 17 16.7367 0.8564 | 0 270  3 2.9150 14.5750 25.2428 
48.9836 12 11.9243 0.6101 | 17 16.7352 0.8563 | 0 271  3 2.9201 14.6004 25.0883 
48.6098 12 11.9583 0.6119 | 17 16.7184 0.8554 | 0 272  3 2.9246 14.6228 24.9272 
48.7211 12 11.9954 0.6138 | 17 16.7842 0.8588 | 0 273  3 2.9286 14.6429 24.7594 
49.0846 12 12.0382 0.6160 | 17 16.7782 0.8585 | 0 274  3 2.9322 14.6608 24.5850 
49.1400 12 12.0955 0.6189 | 17 16.7894 0.8591 | 0 275  3 2.9354 14.6769 24.4036 
49.1594 12 12.1655 0.6225 | 17 16.7798 0.8586 | 0 276  3 2.9383 14.6914 24.2153 
48.6310 12 12.2233 0.6254 | 17 16.7740 0.8583 | 0 277  3 2.9409 14.7046 24.0200 
49.1135 12 12.2644 0.6275 | 17 16.7855 0.8589 | 0 278  3 2.9433 14.7166 23.8183 
48.8998 12 12.3178 0.6303 | 17 16.8363 0.8615 | 0 279  3 2.9455 14.7274 23.6099 
48.7638 12 12.3580 0.6323 | 17 16.8042 0.8598 | 0 280  3 2.9475 14.7374 23.3950 
48.6997 12 12.4024 0.6346 | 17 16.7478 0.8569 | 0 281  3 2.9493 14.7464 23.1737 
48.8234 12 12.4566 0.6374 | 17 16.8089 0.8601 | 0 282  3 2.9509 14.7547 22.9459 
48.8830 12 12.4898 0.6391 | 17 16.7353 0.8563 | 0 283  3 2.9525 14.7624 22.7119 
48.5319 13 12.5002 0.6396 | 17 16.7885 0.8590 | 0 284  3 2.9539 14.7694 22.4722 
48.5838 13 12.5073 0.6400 | 17 16.7906 0.8591 | 0 285  3 2.9552 14.7758 22.2270 
48.1858 13 12.5095 0.6401 | 17 16.8263 0.8609 | 0 286  3 2.9564 14.7818 21.9765 
49.3340 13 12.5366 0.6415 | 17 16.8092 0.8601 | 0 287  3 2.9575 14.7873 21.7202 
48.8711 13 12.5478 0.6420 | 17 16.7916 0.8592 | 0 288  3 2.9585 14.7925 21.4585 
48.6216 13 12.5712 0.6432 | 17 16.8166 0.8605 | 0 289  3 2.9595 14.7973 21.1913 
49.0677 13 12.5826 0.6438 | 17 16.7774 0.8584 | 0 290  3 2.9604 14.8018 20.9189 
48.5343 13 12.6016 0.6448 | 17 16.7838 0.8588 | 0 291  3 2.9612 14.8060 20.6414 
49.3218 13 12.5976 0.6446 | 17 16.7485 0.8570 | 0 292  3 2.9620 14.8100 20.3593 
48.8186 13 12.5874 0.6441 | 17 16.7921 0.8592 | 0 293  3 2.9628 14.8138 20.0734 
48.8615 13 12.5842 0.6439 | 17 16.7743 0.8583 | 0 294  3 2.9635 14.8176 19.7844 
48.6855 13 12.5792 0.6436 | 17 16.7918 0.8592 | 0 295  3 2.9645 14.8223 19.4989 
48.8711 13 12.5840 0.6439 | 17 16.7354 0.8563 | 0 296  3 2.9686 14.8431 19.3272 
48.6027 13 12.5710 0.6432 | 17 16.7993 0.8596 | 0 297  3 2.9776 14.8880 19.3279 
48.8138 13 12.5834 0.6439 | 17 16.7627 0.8577 | 0 298  3 2.9870 14.9348 19.3394 
48.9884 13 12.5889 0.6441 | 17 16.7554 0.8573 | 0 299  3 2.9964 14.9819 19.3493 
49.0581 13 12.5900 0.6442 | 17 16.7269 0.8559 | 0 300  3 3.0058 15.0288 19.3564 
48.4520 13 12.5998 0.6447 | 17 16.7353 0.8563 | 0 301  3 3.0151 15.0753 19.3622 
48.8998 13 12.5889 0.6441 | 17 16.7351 0.8563 | 0 302  3 3.0241 15.1206 19.3729 
48.8162 13 12.5846 0.6439 | 17 16.6851 0.8537 | 0 303  3 3.0318 15.1591 19.4275 
48.7496 13 12.6018 0.6448 | 17 16.7387 0.8565 | 0 304  3 3.0353 15.1766 19.6319 
49.2393 13 12.6201 0.6457 | 17 16.7259 0.8558 | 0 305  3 3.0367 15.1834 19.9097 
48.8854 13 12.6454 0.6470 | 17 16.7076 0.8549 | 0 306  3 3.0377 15.1884 20.1974 
48.7995 13 12.6585 0.6477 | 17 16.7241 0.8557 | 0 307  3 3.0386 15.1930 20.4843 
48.8281 13 12.6576 0.6476 | 17 16.7042 0.8547 | 0 308  3 3.0395 15.1975 20.7677 
48.2207 13 12.6750 0.6485 | 17 16.7398 0.8565 | 0 309  3 3.0404 15.2019 21.0469 
48.7710 13 12.6983 0.6497 | 17 16.7368 0.8564 | 0 310  3 3.0413 15.2064 21.3218 
49.0894 13 12.7194 0.6508 | 17 16.7332 0.8562 | 0 311  3 3.0422 15.2110 21.5919 
48.6500 13 12.7415 0.6519 | 17 16.6900 0.8540 | 0 312  3 3.0431 15.2157 21.8572 
48.5791 13 12.7592 0.6528 | 17 16.7171 0.8554 | 0 313  3 3.0441 15.2205 22.1174 
48.6571 13 12.7552 0.6526 | 17 16.7019 0.8546 | 0 314  3 3.0451 15.2254 22.3719 
48.9285 13 12.7673 0.6533 | 17 16.6449 0.8517 | 0 315  3 3.0461 15.2304 22.6211 
48.6027 13 12.7798 0.6539 | 17 16.6325 0.8510 | 0 316  3 3.0471 15.2356 22.8647 
48.9285 13 12.7925 0.6546 | 17 16.6367 0.8512 | 0 317  3 3.0482 15.2408 23.1028 
48.6547 13 12.8028 0.6551 | 17 16.6281 0.8508 | 0 318  3 3.0492 15.2462 23.3351 
48.6950 13 12.8058 0.6552 | 17 16.6243 0.8506 | 0 319  3 3.0504 15.2518 23.5615 
48.9548 13 12.8130 0.6556 | 17 16.6724 0.8531 | 0 320  3 3.0515 15.2575 23.7821 
49.0388 13 12.8134 0.6556 | 17 16.6139 0.8501 | 0 321  3 3.0527 15.2633 23.9965 
48.9668 13 12.8151 0.6557 | 17 16.6877 0.8539 | 0 322  3 3.0539 15.2693 24.2049 
48.9668 13 12.8201 0.6560 | 17 16.6382 0.8513 | 0 323  3 3.0551 15.2754 24.4071 
49.1739 13 12.8206 0.6560 | 17 16.6477 0.8518 | 0 324  3 3.0563 15.2817 24.6030 
48.5767 13 12.8270 0.6563 | 17 16.6528 0.8521 | 0 325  3 3.0576 15.2882 24.7928 
48.8974 13 12.8226 0.6561 | 17 16.6676 0.8528 | 0 326  3 3.0590 15.2949 24.9761 
48.5696 13 12.8287 0.6564 | 17 16.6611 0.8525 | 0 327  3 3.0604 15.3019 25.1531 
48.8353 13 12.8229 0.6561 | 17 16.6390 0.8514 | 0 328  3 3.0618 15.3091 25.3235 
48.9404 13 12.8162 0.6558 | 17 16.6293 0.8509 | 0 329  3 3.0633 15.3165 25.4874 
49.0605 13 12.8175 0.6558 | 17 16.6209 0.8504 | 0 330  3 3.0648 15.3242 25.6447 
49.0846 13 12.8157 0.6557 | 17 16.6124 0.8500 | 0 331  3 3.0665 15.3323 25.7954 
48.6713 13 12.8102 0.6555 | 17 16.6026 0.8495 | 0 332  3 3.0682 15.3408 25.9395 
48.9764 13 12.8027 0.6551 | 17 16.5952 0.8491 | 0 333  3 3.0699 15.3497 26.0768 
48.9500 13 12.8023 0.6551 | 17 16.6239 0.8506 | 0 334  3 3.0718 15.3592 26.2074 
49.2538 13 12.7976 0.6548 | 17 16.5952 0.8491 | 0 335  3 3.0739 15.3694 26.3313 
48.6879 13 12.7932 0.6546 | 17 16.5937 0.8490 | 0 336  3 3.0761 15.3804 26.4484 
48.5390 13 12.7847 0.6542 | 17 16.6063 0.8497 | 0 337  3 3.0785 15.3925 26.5586 
48.8448 13 12.7866 0.6542 | 17 16.6238 0.8506 | 0 338  3 3.0812 15.4061 26.6621 
48.7140 13 12.7859 0.6542 | 17 16.6054 0.8496 | 0 339  3 3.0843 15.4217 26.7587 
48.2579 13 12.7874 0.6543 | 17 16.5822 0.8485 | 0 340  3 3.0881 15.4403 26.8485 
48.2276 13 12.7919 0.6545 | 17 16.5797 0.8483 | 0 341  3 3.0927 15.4635 26.9315 
49.0509 13 12.7866 0.6542 | 17 16.5503 0.8468 | 0 342  3 3.0989 15.4943 27.0076 
49.0124 13 12.7940 0.6546 | 17 16.5501 0.8468 | 0 343  3 3.1079 15.5395 27.0769 
48.8329 13 12.8117 0.6555 | 17 16.5422 0.8464 | 0 344  3 3.1236 15.6178 27.1394 
48.0723 13 12.8227 0.6561 | 17 16.5199 0.8453 | 0 345  3 3.1606 15.8029 27.1951 
48.8854 13 12.8348 0.6567 | 17 16.5389 0.8462 | 0 346  3 3.4094 17.0469 27.2440 
48.7876 13 12.8383 0.6569 | 17 16.5216 0.8454 | 0 347 -1 0.0000 0.0000 0.0000 
49.0436 13 12.8457 0.6573 | 16 16.4820 0.8433 | 0 348 -1 0.0000 0.0000 0.0000 
49.0004 13 12.8587 0.6579 | 17 16.5224 0.8454 | 0 349 -1 0.0000 0.0000 0.0000 
48.6831 13 12.8668 0.6584 | 16 16.4826 0.8434 | 0 350 -1 0.0000 0.0000 0.0000 
48.6831 13 12.8871 0.6594 | 16 16.4921 0.8438 | 0 351 -1 0.0000 0.0000 0.0000 
48.4590 13 12.8884 0.6595 | 16 16.4821 0.8433 | 0 352 -1 0.0000 0.0000 0.0000 
48.6239 13 12.8797 0.6590 | 16 16.4871 0.8436 | 0 353 -1 0.0000 0.0000 0.0000 
49.1207 13 12.8901 0.6595 | 16 16.4442 0.8414 | 0 354 -1 0.0000 0.0000 0.0000 
49.2320 13 12.8912 0.6596 | 16 16.4386 0.8411 | 0 355 -1 0.0000 0.0000 0.0000 
48.7852 13 12.8968 0.6599 | 16 16.4323 0.8408 | 0 356 -1 0.0000 0.0000 0.0000 
48.7638 13 12.9007 0.6601 | 16 16.4297 0.8407 | 0 357 -1 0.0000 0.0000 0.0000 
48.7377 13 12.8968 0.6599 | 16 16.4476 0.8416 | 0 358 -1 0.0000 0.0000 0.0000 
48.6263 13 12.8911 0.6596 | 16 16.4448 0.8414 | 0 359 -1 0.0000 0.0000 0.0000 
48.6310 13 12.8930 0.6597 | 16 16.4360 0.8410 | 0 360 -1 0.0000 0.0000 0.0000 
49.2174 13 12.9006 0.6601 | 16 16.4439 0.8414 | 0 361 -1 0.0000 0.0000 0.0000 
48.9932 13 12.9009 0.6601 | 16 16.4537 0.8419 | 0 362 -1 0.0000 0.0000 0.0000 
48.2230 13 12.9021 0.6602 | 16 16.4483 0.8416 | 0 363 -1 0.0000 0.0000 0.0000 
48.6760 13 12.9050 0.6603 | 16 16.4611 0.8423 | 0 364 -1 0.0000 0.0000 0.0000 
48.7424 13 12.9005 0.6601 | 16 16.4691 0.8427 | 0 365 -1 0.0000 0.0000 0.0000 
48.7424 13 12.8983 0.6600 | 16 16.4591 0.8422 | 0 366 -1 0.0000 0.0000 0.0000 
48.7638 13 12.8953 0.6598 | 16 16.4642 0.8424 | 0 367 -1 0.0000 0.0000 0.0000 
48.4262 13 12.8909 0.6596 | 17 16.5038 0.8444 | 0 368 -1 0.0000 0.0000 0.0000 
49.2514 13 12.8949 0.6598 | 16 16.4644 0.8424 | 0 369 -1 0.0000 0.0000 0.0000 
48.5625 13 12.8979 0.6599 | 16 16.4863 0.8435 | 0 370 -1 0.0000 0.0000 0.0000 
49.4340 13 12.8936 0.6597 | 16 16.4780 0.8431 | 0 371 -1 0.0000 0.0000 0.0000 
49.1280 13 12.8862 0.6593 | 17 16.5093 0.8447 | 0 372 -1 0.0000 0.0000 0.0000 
48.4731 13 12.8851 0.6593 | 16 16.4745 0.8429 | 0 373 -1 0.0000 0.0000 0.0000 
48.6760 13 12.8777 0.6589 | 16 16.4820 0.8433 | 0 374 -1 0.0000 0.0000 0.0000 
48.7329 13 12.8664 0.6583 | 16 16.4977 0.8441 | 0 375 -1 0.0000 0.0000 0.0000 
48.6713 13 12.8692 0.6585 | 17 16.5404 0.8463 | 0 376 -1 0.0000 0.0000 0.0000 
49.3510 13 12.8639 0.6582 | 16 16.4987 0.8442 | 0 377 -1 0.0000 0.0000 0.0000 
49.3608 13 12.8630 0.6582 | 17 16.5240 0.8455 | 0 378 -1 0.0000 0.0000 0.0000 
48.6239 13 12.8533 0.6577 | 17 16.5309 0.8458 | 0 379 -1 0.0000 0.0000 0.0000 
48.9884 13 12.8551 0.6578 | 17 16.5638 0.8475 | 0 380 -1 0.0000 0.0000 0.0000 
48.8591 13 12.8570 0.6578 | 17 16.5421 0.8464 | 0 381 -1 0.0000 0.0000 0.0000 
48.3559 13 12.8554 0.6578 | 17 16.5523 0.8469 | 0 382 -1 0.0000 0.0000 0.0000 
48.9860 13 12.8531 0.6576 | 17 16.5895 0.8488 | 0 383 -1 0.0000 0.0000 0.0000 
49.0725 13 12.8526 0.6576 | 17 16.5405 0.8463 | 0 384 -1 0.0000 0.0000 0.0000 
48.9716 13 12.8399 0.6570 | 17 16.6184 0.8503 | 0 385 -1 0.0000 0.0000 0.0000 
48.8639 13 12.8303 0.6565 | 17 16.6755 0.8532 | 0 386 -1 0.0000 0.0000 0.0000 
49.3048 13 12.8280 0.6564 | 17 16.6175 0.8503 | 0 387 -1 0.0000 0.0000 0.0000 
49.0244 13 12.8195 0.6559 | 17 16.6734 0.8531 | 0 388 -1 0.0000 0.0000 0.0000 
49.0773 13 12.8277 0.6564 | 17 16.7097 0.8550 | 0 389 -1 0.0000 0.0000 0.0000 
49.0701 13 12.8377 0.6569 | 17 16.7074 0.8549 | 0 390 -1 0.0000 0.0000 0.0000 
48.6831 13 12.8277 0.6563 | 17 16.7141 0.8552 | 0 391 -1 0.0000 0.0000 0.0000 
48.6216 13 12.8275 0.6563 | 17 16.7096 0.8550 | 0 392 -1 0.0000 0.0000 0.0000 
48.3395 13 12.8266 0.6563 | 17 16.6741 0.8532 | 0 393 -1 0.0000 0.0000 0.0000 
48.8759 13 12.8273 0.6563 | 17 16.6810 0.8535 | 0 394 -1 0.0000 0.0000 0.0000 
48.7401 13 12.8286 0.6564 | 17 16.7006 0.8545 | 0 395 -1 0.0000 0.0000 0.0000 
48.8735 13 12.8245 0.6562 | 17 16.7258 0.8558 | 0 396 -1 0.0000 0.0000 0.0000 
48.4449 13 12.8278 0.6564 | 17 16.7437 0.8567 | 0 397 -1 0.0000 0.0000 0.0000 
48.5531 13 12.8147 0.6557 | 17 16.8330 0.8613 | 0 398 -1 0.0000 0.0000 0.0000 
48.8019 13 12.7939 0.6546 | 17 16.8207 0.8607 | 0 399 -1 0.0000 0.0000 0.0000 
49.0485 13 12.7729 0.6535 | 17 16.8406 0.8617 | 0 400 -1 0.0000 0.0000 0.0000 
48.6334 13 12.7484 0.6523 | 17 16.9245 0.8660 | 0 401 -1 0.0000 0.0000 0.0000 
48.7353 13 12.7153 0.6506 | 17 16.9220 0.8658 | 0 402 -1 0.0000 0.0000 0.0000 
48.7829 13 12.6871 0.6492 | 17 16.9229 0.8659 | 0 403 -1 0.0000 0.0000 0.0000 
48.3302 13 12.6379 0.6466 | 17 16.9326 0.8664 | 0 404 -1 0.0000 0.0000 0.0000 
48.9093 13 12.6016 0.6448 | 17 16.9211 0.8658 | 0 405 -1 0.0000 0.0000 0.0000 
49.0052 13 12.5424 0.6418 | 17 16.9976 0.8697 | 0 406 -1 0.0000 0.0000 0.0000 
48.8687 12 12.4892 0.6390 | 17 16.9541 0.8675 | 0 407 -1 0.0000 0.0000 0.0000 
49.2829 12 12.3804 0.6335 | 17 16.9301 0.8663 | 0 408 -1 0.0000 0.0000 0.0000 
48.4872 12 12.2789 0.6283 | 17 16.9293 0.8662 | 0 409 -1 0.0000 0.0000 0.0000 
49.1763 12 12.1779 0.6231 | 17 16.9602 0.8678 | 0 410 -1 0.0000 0.0000 0.0000 
48.5390 12 12.1257 0.6204 | 17 16.8929 0.8644 | 0 411 -1 0.0000 0.0000 0.0000 
48.7876 12 12.0630 0.6172 | 17 16.8680 0.8631 | 0 412 -1 0.0000 0.0000 0.0000 
48.9572 12 12.0113 0.6146 | 17 16.9127 0.8654 | 0 413 -1 0.0000 0.0000 0.0000 
48.8424 12 11.9676 0.6123 | 17 16.9648 0.8680 | 0 414 -1 0.0000 0.0000 0.0000 
48.6334 12 11.9280 0.6103 | 17 16.8374 0.8615 | 0 415 -1 0.0000 0.0000 0.0000 
48.9021 12 11.9083 0.6093 | 17 16.9221 0.8658 | 0 416 -1 0.0000 0.0000 0.0000 
48.4191 12 11.8718 0.6074 | 17 16.8604 0.8627 | 0 417 -1 0.0000 0.0000 0.0000 
48.6713 12 11.8459 0.6061 | 17 16.9159 0.8655 | 0 418 -1 0.0000 0.0000 0.0000 
49.1981 12 11.8194 0.6048 | 17 16.8831 0.8639 | 0 419 -1 0.0000 0.0000 0.0000 
48.8353 12 11.8041 0.6040 | 17 16.9342 0.8665 | 0 420 -1 0.0000 0.0000 0.0000 
48.4660 12 11.7793 0.6027 | 17 16.9123 0.8653 | 0 421 -1 0.0000 0.0000 0.0000 
48.2649 12 11.7660 0.6020 | 17 16.9004 0.8647 | 0 422 -1 0.0000 0.0000 0.0000 
49.1690 12 11.7519 0.6013 | 17 16.9114 0.8653 | 0 423 -1 0.0000 0.0000 0.0000 
48.5437 12 11.7400 0.6007 | 17 16.9385 0.8667 | 0 424 -1 0.0000 0.0000 0.0000 
48.9524 12 11.7348 0.6004 | 17 16.9278 0.8661 | 0 425 -1 0.0000 0.0000 0.0000 
49.2854 12 11.7274 0.6001 | 17 16.9507 0.8673 | 0 426 -1 0.0000 0.0000 0.0000 
48.7995 12 11.7207 0.5997 | 17 17.0359 0.8717 | 0 427 -1 0.0000 0.0000 0.0000 
48.9788 12 11.7363 0.6005 | 17 17.0534 0.8726 | 0 428 -1 0.0000 0.0000 0.0000 
48.6784 12 11.7516 0.6013 | 17 17.0044 0.8701 | 0 429 -1 0.0000 0.0000 0.0000 
48.8830 12 11.7397 0.6007 | 17 17.0526 0.8725 | 0 430 -1 0.0000 0.0000 0.0000 
49.3024 12 11.7287 0.6001 | 17 17.0944 0.8747 | 0 431 -1 0.0000 0.0000 0.0000 
48.7662 12 11.7187 0.5996 | 17 17.0539 0.8726 | 0 432 -1 0.0000 0.0000 0.0000 
48.8234 12 11.7077 0.5990 | 17 17.0490 0.8723 | 0 433 -1 0.0000 0.0000 0.0000 
48.5319 12 11.7177 0.5996 | 17 17.0794 0.8739 | 0 434 -1 0.0000 0.0000 0.0000 
48.3933 12 11.7142 0.5994 | 17 17.1216 0.8761 | 0 435 -1 0.0000 0.0000 0.0000 
48.5272 12 11.7049 0.5989 | 17 17.1757 0.8788 | 0 436 -1 0.0000 0.0000 0.0000 
48.3863 12 11.6888 0.5981 | 17 17.0622 0.8730 | 0 437 -1 0.0000 0.0000 0.0000 
49.0533 12 11.6900 0.5981 | 17 17.0581 0.8728 | 0 438 -1 0.0000 0.0000 0.0000 
48.7424 12 11.6772 0.5975 | 17 17.1135 0.8756 | 0 439 -1 0.0000 0.0000 0.0000 
48.7068 12 11.6731 0.5973 | 17 17.1862 0.8794 | 0 440 -1 0.0000 0.0000 0.0000 
48.8568 12 11.6848 0.5979 | 17 17.1152 0.8757 | 0 441 -1 0.0000 0.0000 0.0000 
48.8353 12 11.6787 0.5976 | 17 17.0557 0.8727 | 0 442 -1 0.0000 0.0000 0.0000 
49.0677 12 11.6875 0.5980 | 17 17.0852 0.8742 | 0 443 -1 0.0000 0.0000 0.0000 
48.0446 12 11.6701 0.5971 | 17 17.1189 0.8759 | 0 444 -1 0.0000 0.0000 0.0000 
48.7781 12 11.6702 0.5971 | 17 17.1049 0.8752 | 0 445 -1 0.0000 0.0000 0.0000 
48.8329 12 11.6729 0.5973 | 17 17.0965 0.8748 | 0 446 -1 0.0000 0.0000 0.0000 
48.8544 12 11.6699 0.5971 | 17 17.1983 0.8800 | 0 447 -1 0.0000 0.0000 0.0000 
48.9788 12 11.6813 0.5977 | 17 17.1496 0.8775 | 0 448 -1 0.0000 0.0000 0.0000 
49.0557 12 11.6764 0.5974 | 17 17.1175 0.8758 | 0 449 -1 0.0000 0.0000 0.0000 
48.6216 12 11.6856 0.5979 | 17 17.1332 0.8766 | 0 450 -1 0.0000 0.0000 0.0000 
48.5673 12 11.6933 0.5983 | 17 17.1267 0.8763 | 0 451 -1 0.0000 0.0000 0.0000 
48.6381 12 11.7012 0.5987 | 17 17.0632 0.8731 | 0 452 -1 0.0000 0.0000 0.0000 
48.7900 12 11.7038 0.5988 | 17 17.1220 0.8761 | 0 453 -1 0.0000 0.0000 0.0000 
48.9117 12 11.7131 0.5993 | 17 17.1550 0.8778 | 0 454 -1 0.0000 0.0000 0.0000 
49.2005 12 11.7394 0.6007 | 17 17.1124 0.8756 | 0 455 -1 0.0000 0.0000 0.0000 
49.2611 12 11.7546 0.6014 | 17 17.1318 0.8766 | 0 456 -1 0.0000 0.0000 0.0000 
49.0340 12 11.7721 0.6023 | 17 17.1524 0.8776 | 0 457 -1 0.0000 0.0000 0.0000 
47.7099 12 11.8011 0.6038 | 17 17.1928 0.8797 | 0 458 -1 0.0000 0.0000 0.0000 
48.6713 12 11.8226 0.6049 | 17 17.0952 0.8747 | 0 459 -1 0.0000 0.0000 0.0000 
48.9908 12 11.8610 0.6069 | 17 17.1417 0.8771 | 0 460 -1 0.0000 0.0000 0.0000 
48.5720 12 11.9074 0.6093 | 17 17.2368 0.8820 | 0 461 -1 0.0000 0.0000 0.0000 
49.2902 12 11.9459 0.6112 | 17 17.1659 0.8783 | 0 462 -1 0.0000 0.0000 0.0000 
48.2393 12 11.9720 0.6126 | 17 17.2612 0.8832 | 0 463 -1 0.0000 0.0000 0.0000 
49.1449 12 12.0225 0.6152 | 17 17.3329 0.8869 | 0 464 -1 0.0000 0.0000 0.0000 
48.6287 12 12.0912 0.6187 | 17 17.3068 0.8855 | 0 465 -1 0.0000 0.0000 0.0000 
49.1231 12 12.2292 0.6257 | 17 17.3898 0.8898 | 0 466 -1 0.0000 0.0000 0.0000 
49.1981 12 12.4885 0.6390 | 17 17.3829 0.8894 | 0 467 -1 0.0000 0.0000 0.0000 
48.6831 13 12.5940 0.6444 | 17 17.3120 0.8858 | 0 468 -1 0.0000 0.0000 0.0000 
49.1884 13 12.6601 0.6478 | 17 17.3681 0.8887 | 0 469 -1 0.0000 0.0000 0.0000 
48.7021 13 12.7085 0.6503 | 17 17.4060 0.8906 | 0 470 -1 0.0000 0.0000 0.0000 
48.8329 13 12.7785 0.6538 | 19 18.9316 0.9687 | 0 471 -1 0.0000 0.0000 0.0000 
49.0124 13 12.8389 0.6569 | 17 17.3116 0.8858 | 0 472 -1 0.0000 0.0000 0.0000 
48.6358 10 10.3447 0.5293 | 13 12.9000 0.6601 | 0 473 -1 0.0000 0.0000 0.0000 
48.8281 10 10.1680 0.5203 | 13 12.9430 0.6623 | 0 474 -1 0.0000 0.0000 0.0000 
48.8019 10 10.0687 0.5152 | 13 12.9642 0.6633 | 0 475 -1 0.0000 0.0000 0.0000 
47.4631 10 10.0189 0.5126 | 13 12.9789 0.6641 | 0 476 -1 0.0000 0.0000 0.0000 
48.9764 10 9.9588 0.5096 | 13 13.0121 0.6658 | 0 477 -1 0.0000 0.0000 0.0000 
48.7543 10 9.9053 0.5068 | 13 13.0304 0.6667 | 0 478 -1 0.0000 0.0000 0.0000 
49.0052 10 9.8646 0.5047 | 13 13.0438 0.6674 | 0 479 -1 0.0000 0.0000 0.0000 
48.9213 10 9.8350 0.5032 | 13 13.0604 0.6683 | 0 480 -1 0.0000 0.0000 0.0000 
48.3840 10 9.8001 0.5014 | 13 13.0684 0.6687 | 0 481 -1 0.0000 0.0000 0.0000 
49.2053 10 9.7743 0.5001 | 13 13.0836 0.6694 | 0 482 -1 0.0000 0.0000 0.0000 
48.7424 10 9.7568 0.4992 | 13 13.0833 0.6694 | 0 483 -1 0.0000 0.0000 0.0000 
48.7757 10 9.7314 0.4979 | 13 13.0843 0.6695 | 0 484 -1 0.0000 0.0000 0.0000 
48.6760 10 9.7329 0.4980 | 13 13.0891 0.6697 | 0 485 -1 0.0000 0.0000 0.0000 
48.7140 10 9.7198 0.4973 | 13 13.0937 0.6700 | 0 486 -1 0.0000 0.0000 0.0000 
48.4872 10 9.7125 0.4970 | 13 13.0985 0.6702 | 0 487 -1 0.0000 0.0000 0.0000 
49.2296 10 9.7064 0.4966 | 13 13.1056 0.6706 | 0 488 -1 0.0000 0.0000 0.0000 
48.9117 10 9.7004 0.4963 | 13 13.1041 0.6705 | 0 489 -1 0.0000 0.0000 0.0000 
49.1280 10 9.7019 0.4964 | 13 13.1108 0.6708 | 0 490 -1 0.0000 0.0000 0.0000 
49.0942 10 9.7028 0.4965 | 13 13.1086 0.6707 | 0 491 -1 0.0000 0.0000 0.0000 
48.7092 10 9.7092 0.4968 | 13 13.1128 0.6709 | 0 492 -1 0.0000 0.0000 0.0000 
49.0798 10 9.7176 0.4972 | 13 13.1126 0.6709 | 0 493 -1 0.0000 0.0000 0.0000 
48.2742 10 9.7216 0.4974 | 13 13.1111 0.6709 | 0 494 -1 0.0000 0.0000 0.0000 
49.2684 10 9.7395 0.4983 | 13 13.1127 0.6709 | 0 495 -1 0.0000 0.0000 0.0000 
48.6074 10 9.7519 0.4990 | 13 13.1135 0.6710 | 0 496 -1 0.0000 0.0000 0.0000 
48.4285 10 9.7781 0.5003 | 13 13.1031 0.6704 | 0 497 -1 0.0000 0.0000 0.0000 
49.2854 10 9.7945 0.5012 | 13 13.0935 0.6699 | 0 498 -1 0.0000 0.0000 0.0000 
48.7876 10 9.8108 0.5020 | 13 13.0884 0.6697 | 0 499 -1 0.0000 0.0000 0.0000 
48.6926 10 9.8347 0.5032 | 13 13.0743 0.6690 | 0 500 -1 0.0000 0.0000 0.0000 
49.1352 10 9.8662 0.5048 | 13 13.0541 0.6679 | 0 501 -1 0.0000 0.0000 0.0000 
48.6594 10 9.8938 0.5062 | 13 13.0316 0.6668 | 0 502 -1 0.0000 0.0000 0.0000 
48.8162 10 9.9351 0.5083 | 13 13.0116 0.6658 | 0 503 -1 0.0000 0.0000 0.0000 
48.6926 10 9.9565 0.5094 | 13 13.0038 0.6654 | 0 504 -1 0.0000 0.0000 0.0000 
49.0870 10 9.9637 0.5098 | 13 13.0001 0.6652 | 0 505 -1 0.0000 0.0000 0.0000 
48.9860 10 9.9733 0.5103 | 13 12.9806 0.6642 | 0 506 -1 0.0000 0.0000 0.0000 
48.0100 10 10.0133 0.5124 | 13 12.9475 0.6625 | 0 507 -1 0.0000 0.0000 0.0000 
49.0076 10 10.0284 0.5131 | 13 12.9375 0.6620 | 0 508 -1 0.0000 0.0000 0.0000 
48.1093 10 10.0437 0.5139 | 13 12.9069 0.6604 | 0 509 -1 0.0000 0.0000 0.0000 
48.6618 10 10.0602 0.5147 | 13 12.8707 0.6586 | 0 510 -1 0.0000 0.0000 0.0000 
48.7424 10 10.0795 0.5157 | 13 12.8440 0.6572 | 0 511 -1 0.0000 0.0000 0.0000 
48.6263 10 10.0829 0.5159 | 13 12.8388 0.6569 | 0 512 -1 0.0000 0.0000 0.0000 
49.0557 10 10.0728 0.5154 | 13 12.8495 0.6575 | 0 513 -1 0.0000 0.0000 0.0000 
48.5625 10 10.0548 0.5145 | 13 12.8780 0.6589 | 0 514 -1 0.0000 0.0000 0.0000 
48.5343 10 10.0334 0.5134 | 13 12.9021 0.6602 | 0 515 -1 0.0000 0.0000 0.0000 
48.9956 10 10.0301 0.5132 | 13 12.9098 0.6606 | 0 516 -1 0.0000 0.0000 0.0000 
48.9884 10 10.0190 0.5126 | 13 12.9094 0.6605 | 0 517 -1 0.0000 0.0000 0.0000 
48.9452 10 10.0143 0.5124 | 13 12.9051 0.6603 | 0 518 -1 0.0000 0.0000 0.0000 
48.6926 10 10.0259 0.5130 | 13 12.9114 0.6606 | 0 519 -1 0.0000 0.0000 0.0000 
48.6358 10 10.0171 0.5125 | 13 12.9147 0.6608 | 0 520 -1 0.0000 0.0000 0.0000 
48.9380 10 9.9978 0.5116 | 13 12.9089 0.6605 | 0 521 -1 0.0000 0.0000 0.0000 
48.8568 10 9.9810 0.5107 | 13 12.9382 0.6620 | 0 522 -1 0.0000 0.0000 0.0000 
48.6665 10 9.9640 0.5098 | 13 12.9562 0.6629 | 0 523 -1 0.0000 0.0000 0.0000 
48.9548 10 9.9384 0.5085 | 13 12.9741 0.6638 | 0 524 -1 0.0000 0.0000 0.0000 
48.6571 10 9.9228 0.5077 | 13 13.0020 0.6653 | 0 525 -1 0.0000 0.0000 0.0000 
48.9524 10 9.8974 0.5064 | 13 13.0175 0.6661 | 0 526 -1 0.0000 0.0000 0.0000 
48.9213 10 9.8955 0.5063 | 13 13.0211 0.6662 | 0 527 -1 0.0000 0.0000 0.0000 
48.8138 10 9.8685 0.5049 | 13 13.0121 0.6658 | 0 528 -1 0.0000 0.0000 0.0000 
48.9333 10 9.8647 0.5047 | 13 13.0164 0.6660 | 0 529 -1 0.0000 0.0000 0.0000 
48.3045 10 9.8507 0.5040 | 13 13.0264 0.6665 | 0 530 -1 0.0000 0.0000 0.0000 
48.8926 10 9.8404 0.5035 | 13 13.0262 0.6665 | 0 531 -1 0.0000 0.0000 0.0000 
48.9404 10 9.8258 0.5028 | 13 13.0299 0.6667 | 0 532 -1 0.0000 0.0000 0.0000 
48.6665 10 9.8235 0.5026 | 13 13.0282 0.6666 | 0 533 -1 0.0000 0.0000 0.0000 
49.0316 10 9.8433 0.5036 | 13 13.0247 0.6664 | 0 534 -1 0.0000 0.0000 0.0000 
48.4191 10 9.8473 0.5039 | 13 13.0291 0.6667 | 0 535 -1 0.0000 0.0000 0.0000 
49.3170 10 9.8678 0.5049 | 13 13.0221 0.6663 | 0 536 -1 0.0000 0.0000 0.0000 
48.7045 10 9.8799 0.5055 | 13 13.0211 0.6662 | 0 537 -1 0.0000 0.0000 0.0000 
48.9764 10 9.8963 0.5064 | 13 13.0241 0.6664 | 0 538 -1 0.0000 0.0000 0.0000 
49.2005 10 9.9213 0.5076 | 13 13.0045 0.6654 | 0 539 -1 0.0000 0.0000 0.0000 
49.0749 10 9.9604 0.5096 | 13 12.9778 0.6640 | 0 540 -1 0.0000 0.0000 0.0000 
48.5037 10 9.9827 0.5108 | 13 12.9584 0.6630 | 0 541 -1 0.0000 0.0000 0.0000 
49.0148 10 10.0326 0.5133 | 13 12.9242 0.6613 | 0 542 -1 0.0000 0.0000 0.0000 
48.5649 10 10.0523 0.5143 | 13 12.9121 0.6607 | 0 543 -1 0.0000 0.0000 0.0000 
49.1425 10 10.0570 0.5146 | 13 12.9156 0.6609 | 0 544 -1 0.0000 0.0000 0.0000 
48.6358 10 10.0839 0.5160 | 13 12.8777 0.6589 | 0 545 -1 0.0000 0.0000 0.0000 
48.8234 10 10.1225 0.5179 | 13 12.8086 0.6554 | 0 546 -1 0.0000 0.0000 0.0000 
48.5696 10 10.1509 0.5194 | 13 12.7468 0.6522 | 0 547 -1 0.0000 0.0000 0.0000 
48.1209 10 10.1939 0.5216 | 13 12.6681 0.6482 | 0 548 -1 0.0000 0.0000 0.0000 
48.8448 10 10.2114 0.5225 | 13 12.6125 0.6453 | 0 549 -1 0.0000 0.0000 0.0000 
48.8687 10 10.2339 0.5236 | 13 12.5592 0.6426 | 0 550 -1 0.0000 0.0000 0.0000 
48.5673 10 10.2301 0.5234 | 13 12.5693 0.6431 | 0 551 -1 0.0000 0.0000 0.0000 
48.8591 10 10.2142 0.5226 | 13 12.6235 0.6459 | 0 552 -1 0.0000 0.0000 0.0000 
48.7377 10 10.2006 0.5219 | 13 12.6354 0.6465 | 0 553 -1 0.0000 0.0000 0.0000 
48.9428 10 10.1884 0.5213 | 13 12.6733 0.6485 | 0 554 -1 0.0000 0.0000 0.0000 
48.4660 10 10.1775 0.5208 | 13 12.7092 0.6503 | 0 555 -1 0.0000 0.0000 0.0000 
49.0846 10 10.1862 0.5212 | 13 12.7105 0.6504 | 0 556 -1 0.0000 0.0000 0.0000 
48.7852 10 10.1851 0.5211 | 13 12.7144 0.6506 | 0 557 -1 0.0000 0.0000 0.0000 
48.9117 10 10.1766 0.5207 | 13 12.7117 0.6504 | 0 558 -1 0.0000 0.0000 0.0000 
48.9740 10 10.1624 0.5200 | 13 12.7374 0.6517 | 0 559 -1 0.0000 0.0000 0.0000 
48.9237 10 10.1677 0.5202 | 13 12.7446 0.6521 | 0 560 -1 0.0000 0.0000 0.0000 
48.7377 10 10.1441 0.5190 | 13 12.7810 0.6540 | 0 561 -1 0.0000 0.0000 0.0000 
48.8019 10 10.1339 0.5185 | 13 12.8170 0.6558 | 0 562 -1 0.0000 0.0000 0.0000 
49.3243 10 10.1118 0.5174 | 13 12.8611 0.6581 | 0 563 -1 0.0000 0.0000 0.0000 
49.2174 10 10.0851 0.5160 | 13 12.8982 0.6600 | 0 564 -1 0.0000 0.0000 0.0000 
48.6855 10 10.0692 0.5152 | 13 12.9111 0.6606 | 0 565 -1 0.0000 0.0000 0.0000 
48.9884 10 10.0600 0.5147 | 13 12.9171 0.6609 | 0 566 -1 0.0000 0.0000 0.0000 
49.0220 10 10.0428 0.5139 | 13 12.9307 0.6616 | 0 567 -1 0.0000 0.0000 0.0000 
48.6642 10 10.0424 0.5138 | 13 12.9327 0.6617 | 0 568 -1 0.0000 0.0000 0.0000 
49.0990 10 10.0267 0.5130 | 13 12.9517 0.6627 | 0 569 -1 0.0000 0.0000 0.0000 
48.9788 10 10.0224 0.5128 | 13 12.9492 0.6626 | 0 570 -1 0.0000 0.0000 0.0000 
47.8057 10 10.0108 0.5122 | 13 12.9651 0.6634 | 0 571 -1 0.0000 0.0000 0.0000 
48.6831 10 10.0156 0.5125 | 13 12.9559 0.6629 | 0 572 -1 0.0000 0.0000 0.0000 
48.9716 10 10.0218 0.5128 | 13 12.9613 0.6632 | 0 573 -1 0.0000 0.0000 0.0000 
49.0701 10 10.0336 0.5134 | 13 12.9421 0.6622 | 0 574 -1 0.0000 0.0000 0.0000 
48.6239 10 10.0541 0.5144 | 13 12.9321 0.6617 | 0 575 -1 0.0000 0.0000 0.0000 
48.3957 10 10.0533 0.5144 | 13 12.9295 0.6616 | 0 576 -1 0.0000 0.0000 0.0000 
48.6192 10 10.0573 0.5146 | 13 12.9276 0.6615 | 0 577 -1 0.0000 0.0000 0.0000 
49.0533 10 10.0821 0.5159 | 13 12.9111 0.6606 | 0 578 -1 0.0000 0.0000 0.0000 
48.9428 10 10.0998 0.5168 | 13 12.8755 0.6588 | 0 579 -1 0.0000 0.0000 0.0000 
48.6571 10 10.1242 0.5180 | 13 12.8462 0.6573 | 0 580 -1 0.0000 0.0000 0.0000 
49.0100 10 10.1498 0.5193 | 13 12.8200 0.6560 | 0 581 -1 0.0000 0.0000 0.0000 
49.0052 10 10.1488 0.5193 | 13 12.8317 0.6566 | 0 582 -1 0.0000 0.0000 0.0000 
48.4754 10 10.1422 0.5189 | 13 12.8347 0.6567 | 0 583 -1 0.0000 0.0000 0.0000 
49.0412 10 10.1553 0.5196 | 13 12.8091 0.6554 | 0 584 -1 0.0000 0.0000 0.0000 
48.8974 10 10.1692 0.5203 | 13 12.7829 0.6541 | 0 585 -1 0.0000 0.0000 0.0000 
48.5791 10 10.1692 0.5203 | 13 12.7882 0.6543 | 0 586 -1 0.0000 0.0000 0.0000 
48.6074 10 10.1735 0.5205 | 13 12.7976 0.6548 | 0 587 -1 0.0000 0.0000 0.0000 
48.8806 10 10.1543 0.5196 | 13 12.8104 0.6555 | 0 588 -1 0.0000 0.0000 0.0000 
48.7282 10 10.1439 0.5190 | 13 12.8432 0.6571 | 0 589 -1 0.0000 0.0000 0.0000 
48.7424 10 10.1093 0.5173 | 13 12.8903 0.6596 | 0 590 -1 0.0000 0.0000 0.0000 
48.9740 10 10.0788 0.5157 | 13 12.9511 0.6627 | 0 591 -1 0.0000 0.0000 0.0000 
48.9740 10 10.0341 0.5134 | 13 13.0014 0.6652 | 0 592 -1 0.0000 0.0000 0.0000 
48.9836 10 10.0063 0.5120 | 13 13.0299 0.6667 | 0 593 -1 0.0000 0.0000 0.0000 
47.9524 10 9.9798 0.5106 | 13 13.0501 0.6677 | 0 594 -1 0.0000 0.0000 0.0000 
48.5578 10 9.9704 0.5102 | 13 13.0805 0.6693 | 0 595 -1 0.0000 0.0000 0.0000 
49.1884 10 9.9327 0.5082 | 13 13.0997 0.6703 | 0 596 -1 0.0000 0.0000 0.0000 
48.6523 10 9.9105 0.5071 | 13 13.1172 0.6712 | 0 597 -1 0.0000 0.0000 0.0000 
48.6902 10 9.8758 0.5053 | 13 13.1416 0.6724 | 0 598 -1 0.0000 0.0000 0.0000 
48.5390 10 9.8561 0.5043 | 13 13.1579 0.6732 | 0 599 -1 0.0000 0.0000 0.0000 
48.9884 10 9.8286 0.5029 | 13 13.1642 0.6736 | 1 600 -1 0.0000 0.0000 0.0000 
48.8329 10 9.8033 0.5016 | 13 13.1802 0.6744 | 1 600 -1 0.0000 0.0000 0.0000 
48.9165 10 9.7870 0.5008 | 13 13.1653 0.6736 | 1 600 -1 0.0000 0.0000 0.0000 
48.4332 10 9.7702 0.4999 | 13 13.1559 0.6731 | 1 600 -1 0.0000 0.0000 0.0000 
48.9668 10 9.7655 0.4997 | 13 13.1396 0.6723 | 1 600 -1 0.0000 0.0000 0.0000 
48.9524 10 9.7693 0.4999 | 13 13.1205 0.6713 | 1 600 -1 0.0000 0.0000 0.0000 
48.6239 10 9.7702 0.4999 | 13 13.0999 0.6703 | 1 600 -1 0.0000 0.0000 0.0000 
48.6997 10 9.8089 0.5019 | 13 13.0703 0.6688 | 1 600 -1 0.0000 0.0000 0.0000 
48.8329 10 9.8514 0.5041 | 13 13.0436 0.6674 | 1 600 -1 0.0000 0.0000 0.0000 
48.7662 10 9.9243 0.5078 | 13 13.0107 0.6657 | 1 600 -1 0.0000 0.0000 0.0000 
48.8305 10 10.0585 0.5147 | 13 12.9688 0.6636 | 1 600 -1 0.0000 0.0000 0.0000 
49.1231 10 10.2656 0.5253 | 13 12.9455 0.6624 | 1 600 -1 0.0000 0.0000 0.0000 
48.2998 13 12.9129 0.6607 | 19 19.0015 0.9722 | 1 600 -1 0.0000 0.0000 0.0000 
48.7211 13 12.8782 0.6589 | 19 18.9886 0.9716 | 1 600 -1 0.0000 0.0000 0.0000 
48.6169 13 12.8464 0.6573 | 19 18.9526 0.9697 | 1 600 -1 0.0000 0.0000 0.0000 
48.4872 13 12.8030 0.6551 | 19 18.9619 0.9702 | 1 600 -1 0.0000 0.0000 0.0000 
48.9476 13 12.7819 0.6540 | 19 18.9493 0.9696 | 1 600 -1 0.0000 0.0000 0.0000 
48.4590 13 12.7651 0.6531 | 19 18.9180 0.9680 | 1 600 -1 0.0000 0.0000 0.0000 
49.0749 13 12.7565 0.6527 | 19 18.9328 0.9687 | 1 600 -1 0.0000 0.0000 0.0000 
48.5932 13 12.7596 0.6529 | 19 18.9164 0.9679 | 1 600 -1 0.0000 0.0000 0.0000 
48.6973 13 12.7604 0.6529 | 19 18.9372 0.9690 | 1 600 -1 0.0000 0.0000 0.0000 
49.0533 13 12.7583 0.6528 | 19 18.9214 0.9681 | 1 600 -1 0.0000 0.0000 0.0000 
48.4332 13 12.7468 0.6522 | 19 18.9420 0.9692 | 1 600 -1 0.0000 0.0000 0.0000 
49.0244 13 12.7268 0.6512 | 19 18.9470 0.9695 | 1 600 -1 0.0000 0.0000 0.0000 
48.9596 13 12.7111 0.6504 | 19 18.9368 0.9689 | 1 600 -1 0.0000 0.0000 0.0000 
48.6547 13 12.7064 0.6501 | 19 18.9102 0.9676 | 1 600 -1 0.0000 0.0000 0.0000 
49.1957 13 12.7012 0.6499 | 19 18.9146 0.9678 | 1 600 -1 0.0000 0.0000 0.0000 
48.9093 13 12.6952 0.6496 | 19 18.9152 0.9678 | 1 600 -1 0.0000 0.0000 0.0000 
48.3162 13 12.6655 0.6481 | 19 18.9182 0.9680 | 1 600 -1 0.0000 0.0000 0.0000 
48.9213 13 12.6038 0.6449 | 19 18.9155 0.9678 | 1 600 -1 0.0000 0.0000 0.0000 
49.1231 13 12.5453 0.6419 | 19 18.9378 0.9690 | 1 600 -1 0.0000 0.0000 0.0000 
49.1570 12 12.4812 0.6386 | 19 18.9088 0.9675 | 1 600 -1 0.0000 0.0000 0.0000 
48.5343 12 12.4105 0.6350 | 19 18.9296 0.9686 | 1 600 -1 0.0000 0.0000 0.0000 
48.8019 12 12.3856 0.6337 | 19 18.9334 0.9688 | 1 600 -1 0.0000 0.0000 0.0000 
49.1135 12 12.3358 0.6312 | 19 18.8986 0.9670 | 1 600 -1 0.0000 0.0000 0.0000 
48.5673 12 12.2952 0.6291 | 19 18.8925 0.9667 | 1 600 -1 0.0000 0.0000 0.0000 
48.6098 12 12.2235 0.6254 | 19 18.8967 0.9669 | 1 600 -1 0.0000 0.0000 0.0000 
48.7948 12 12.1557 0.6220 | 19 18.8854 0.9663 | 1 600 -1 0.0000 0.0000 0.0000 
48.9141 12 12.1073 0.6195 | 19 18.8620 0.9651 | 1 600 -1 0.0000 0.0000 0.0000 
48.9380 12 12.0764 0.6179 | 19 18.8785 0.9659 | 1 600 -1 0.0000 0.0000 0.0000 
48.8210 12 12.0553 0.6168 | 19 18.8736 0.9657 | 1 600 -1 0.0000 0.0000 0.0000 
48.9285 12 12.0387 0.6160 | 19 18.8764 0.9658 | 1 600 -1 0.0000 0.0000 0.0000 
48.8019 12 12.0163 0.6148 | 19 18.8270 0.9633 | 1 600 -1 0.0000 0.0000 0.0000 
49.0148 12 12.0022 0.6141 | 19 18.8292 0.9634 | 1 600 -1 0.0000 0.0000 0.0000 
49.0966 12 11.9876 0.6134 | 19 18.8261 0.9633 | 1 600 -1 0.0000 0.0000 0.0000 
48.6618 12 11.9779 0.6129 | 19 18.8089 0.9624 | 1 600 -1 0.0000 0.0000 0.0000 
48.7519 12 11.9731 0.6126 | 19 18.8242 0.9632 | 1 600 -1 0.0000 0.0000 0.0000 
48.5248 12 11.9731 0.6126 | 19 18.8223 0.9631 | 1 600 -1 0.0000 0.0000 0.0000 
49.0268 12 11.9663 0.6123 | 19 18.8151 0.9627 | 1 600 -1 0.0000 0.0000 0.0000 
48.6500 12 11.9711 0.6125 | 19 18.8098 0.9624 | 1 600 -1 0.0000 0.0000 0.0000 
48.7092 12 11.9766 0.6128 | 19 18.8094 0.9624 | 1 600 -1 0.0000 0.0000 0.0000 
48.9213 12 11.9798 0.6130 | 19 18.7989 0.9619 | 1 600 -1 0.0000 0.0000 0.0000 
49.1111 12 11.9956 0.6138 | 19 18.8225 0.9631 | 1 600 -1 0.0000 0.0000 0.0000 
48.1603 12 12.0027 0.6141 | 19 18.8009 0.9620 | 1 600 -1 0.0000 0.0000 0.0000 
48.8091 12 12.0150 0.6148 | 19 18.8355 0.9637 | 1 600 -1 0.0000 0.0000 0.0000 
48.4590 12 12.0336 0.6157 | 19 18.8191 0.9629 | 1 600 -1 0.0000 0.0000 0.0000 
49.0870 12 12.0603 0.6171 | 19 18.8599 0.9650 | 1 600 -1 0.0000 0.0000 0.0000 
48.7424 12 12.1213 0.6202 | 19 18.8158 0.9627 | 1 600 -1 0.0000 0.0000 0.0000 
49.0485 12 12.1651 0.6224 | 19 18.8359 0.9638 | 1 600 -1 0.0000 0.0000 0.0000 
48.7710 12 12.2243 0.6255 | 19 18.8637 0.9652 | 1 600 -1 0.0000 0.0000 0.0000 
48.8663 12 12.2602 0.6273 | 19 18.8998 0.9670 | 1 600 -1 0.0000 0.0000 0.0000 
49.1063 12 12.2679 0.6277 | 19 18.8810 0.9661 | 1 600 -1 0.0000 0.0000 0.0000 
49.0388 12 12.3178 0.6303 | 19 18.8761 0.9658 | 1 600 -1 0.0000 0.0000 0.0000 
48.7448 12 12.3990 0.6344 | 19 18.8632 0.9652 | 1 600 -1 0.0000 0.0000 0.0000 
48.7876 12 12.4882 0.6390 | 19 18.9013 0.9671 | 1 600 -1 0.0000 0.0000 0.0000 
48.5248 13 12.5337 0.6413 | 19 18.9345 0.9688 | 1 600 -1 0.0000 0.0000 0.0000 
49.1352 13 12.5776 0.6436 | 19 18.9363 0.9689 | 1 600 -1 0.0000 0.0000 0.0000 
48.7424 13 12.6139 0.6454 | 19 18.9271 0.9684 | 1 600 -1 0.0000 0.0000 0.0000 
48.8210 13 12.6509 0.6473 | 19 18.9464 0.9694 | 1 600 -1 0.0000 0.0000 0.0000 
48.5885 13 12.6932 0.6495 | 19 18.9827 0.9713 | 1 600 -1 0.0000 0.0000 0.0000 
48.9764 13 12.7433 0.6520 | 19 18.9902 0.9717 | 1 600 -1 0.0000 0.0000 0.0000 
48.1626 13 12.7918 0.6545 | 19 18.9801 0.9711 | 1 600 -1 0.0000 0.0000 0.0000 
48.7829 13 12.8408 0.6570 | 19 18.9985 0.9721 | 1 600 -1 0.0000 0.0000 0.0000 
49.0244 13 12.8648 0.6583 | 19 18.9914 0.9717 | 1 600 -1 0.0000 0.0000 0.0000 
48.7971 10 10.4672 0.5356 | 13 12.8856 0.6593 | 1 600 -1 0.0000 0.0000 0.0000 
48.7045 10 10.4202 0.5332 | 13 12.8856 0.6593 | 1 600 -1 0.0000 0.0000 0.0000 
48.8019 10 10.3740 0.5308 | 13 12.8993 0.6600 | 1 600 -1 0.0000 0.0000 0.0000 
49.2344 10 10.2848 0.5262 | 13 12.9135 0.6607 | 1 600 -1 0.0000 0.0000 0.0000 
48.9356 10 10.1981 0.5218 | 13 12.9309 0.6616 | 1 600 -1 0.0000 0.0000 0.0000 
48.5037 10 10.1089 0.5172 | 13 12.9475 0.6625 | 1 600 -1 0.0000 0.0000 0.0000 
48.6239 10 10.0476 0.5141 | 13 12.9631 0.6633 | 1 600 -1 0.0000 0.0000 0.0000 
48.6263 10 9.9915 0.5112 | 13 12.9784 0.6641 | 1 600 -1 0.0000 0.0000 0.0000 
48.9644 10 9.9431 0.5088 | 13 13.0001 0.6652 | 1 600 -1 0.0000 0.0000 0.0000 
48.5531 10 9.8933 0.5062 | 13 13.0037 0.6654 | 1 600 -1 0.0000 0.0000 0.0000 
48.6523 10 9.8552 0.5043 | 13 13.0091 0.6656 | 1 600 -1 0.0000 0.0000 0.0000 
49.0388 10 9.8291 0.5029 | 13 13.0221 0.6663 | 1 600 -1 0.0000 0.0000 0.0000 
48.6216 10 9.7911 0.5010 | 13 13.0357 0.6670 | 1 600 -1 0.0000 0.0000 0.0000 
47.7692 10 9.7824 0.5005 | 13 13.0677 0.6686 | 1 600 -1 0.0000 0.0000 0.0000 
48.9956 10 9.7609 0.4994 | 13 13.1009 0.6703 | 1 600 -1 0.0000 0.0000 0.0000 
49.0340 10 9.7571 0.4992 | 13 13.1215 0.6714 | 1 600 -1 0.0000 0.0000 0.0000 
48.7377 10 9.7607 0.4994 | 13 13.1326 0.6719 | 1 600 -1 0.0000 0.0000 0.0000 
48.5555 10 9.7566 0.4992 | 13 13.1496 0.6728 | 1 600 -1 0.0000 0.0000 0.0000 
48.8687 10 9.7773 0.5003 | 13 13.1666 0.6737 | 1 600 -1 0.0000 0.0000 0.0000 
49.0942 10 9.7995 0.5014 | 13 13.1846 0.6746 | 1 600 -1 0.0000 0.0000 0.0000 
48.1858 10 9.8345 0.5032 | 13 13.2119 0.6760 | 1 600 -1 0.0000 0.0000 0.0000 
48.6239 10 9.8635 0.5047 | 13 13.2135 0.6761 | 1 600 -1 0.0000 0.0000 0.0000 
48.6594 10 9.8861 0.5058 | 13 13.2045 0.6756 | 1 600 -1 0.0000 0.0000 0.0000 
48.8400 10 9.9223 0.5077 | 13 13.1955 0.6752 | 1 600 -1 0.0000 0.0000 0.0000 
48.6003 10 9.9741 0.5103 | 13 13.1724 0.6740 | 1 600 -1 0.0000 0.0000 0.0000 
48.7258 10 10.0055 0.5119 | 13 13.1512 0.6729 | 1 600 -1 0.0000 0.0000 0.0000 
49.0268 10 10.0287 0.5131 | 13 13.0946 0.6700 | 1 600 -1 0.0000 0.0000 0.0000 
48.5201 10 10.0652 0.5150 | 13 13.0229 0.6663 | 1 600 -1 0.0000 0.0000 0.0000 
48.7591 10 10.1015 0.5169 | 13 12.9344 0.6618 | 1 600 -1 0.0000 0.0000 0.0000 
48.4543 10 10.1267 0.5182 | 13 12.8751 0.6588 | 1 600 -1 0.0000 0.0000 0.0000 
48.6476 10 10.1257 0.5181 | 13 12.8690 0.6585 | 1 600 -1 0.0000 0.0000 0.0000 
49.4413 10 10.1265 0.5181 | 13 12.8795 0.6590 | 1 600 -1 0.0000 0.0000 0.0000 
49.2271 10 10.1141 0.5175 | 13 12.8860 0.6593 | 1 600 -1 0.0000 0.0000 0.0000 
48.4051 10 10.1284 0.5182 | 13 12.8639 0.6582 | 1 600 -1 0.0000 0.0000 0.0000 
48.5720 10 10.1367 0.5187 | 13 12.8145 0.6557 | 1 600 -1 0.0000 0.0000 0.0000 
48.6642 10 10.1338 0.5185 | 13 12.7932 0.6546 | 1 600 -1 0.0000 0.0000 0.0000 
48.5555 10 10.1481 0.5192 | 13 12.7320 0.6515 | 1 600 -1 0.0000 0.0000 0.0000 
49.0172 10 10.1659 0.5202 | 13 12.6434 0.6469 | 1 600 -1 0.0000 0.0000 0.0000 
48.3465 10 10.1814 0.5210 | 13 12.5566 0.6425 | 1 600 -1 0.0000 0.0000 0.0000 
49.0004 10 10.1860 0.5212 | 16 16.1609 0.8269 | 1 600 -1 0.0000 0.0000 0.0000 
48.8520 10 10.1854 0.5212 | 16 16.1637 0.8270 | 1 600 -1 0.0000 0.0000 0.0000 
48.5272 10 10.1780 0.5208 | 16 16.1435 0.8260 | 1 600 -1 0.0000 0.0000 0.0000 
48.6547 10 10.1819 0.5210 | 16 16.1459 0.8261 | 1 600 -1 0.0000 0.0000 0.0000 
48.3746 10 10.1875 0.5213 | 16 16.1325 0.8254 | 1 600 -1 0.0000 0.0000 0.0000 
48.9285 10 10.1834 0.5210 | 16 16.1328 0.8255 | 1 600 -1 0.0000 0.0000 0.0000 
48.5861 10 10.1737 0.5206 | 13 12.5013 0.6396 | 1 600 -1 0.0000 0.0000 0.0000 
48.9285 10 10.1658 0.5202 | 13 12.5947 0.6444 | 1 600 -1 0.0000 0.0000 0.0000 
48.9404 10 10.1394 0.5188 | 13 12.7106 0.6504 | 1 600 -1 0.0000 0.0000 0.0000 
49.0052 10 10.1323 0.5184 | 13 12.8231 0.6561 | 1 600 -1 0.0000 0.0000 0.0000 
48.5248 10 10.1146 0.5175 | 13 12.9360 0.6619 | 1 600 -1 0.0000 0.0000 0.0000 
48.8735 10 10.1040 0.5170 | 13 12.9952 0.6649 | 1 600 -1 0.0000 0.0000 0.0000 
48.9956 10 10.1099 0.5173 | 13 12.9862 0.6645 | 1 600 -1 0.0000 0.0000 0.0000 
48.8735 10 10.1067 0.5171 | 13 12.9796 0.6641 | 1 600 -1 0.0000 0.0000 0.0000 
48.9117 10 10.1261 0.5181 | 13 12.9163 0.6609 | 1 600 -1 0.0000 0.0000 0.0000 
48.4379 10 10.1224 0.5179 | 13 12.9610 0.6632 | 1 600 -1 0.0000 0.0000 0.0000 
48.9908 10 10.1296 0.5183 | 13 12.8955 0.6598 | 1 600 -1 0.0000 0.0000 0.0000 
48.1788 10 10.1448 0.5191 | 13 12.7620 0.6530 | 1 600 -1 0.0000 0.0000 0.0000 
48.8759 10 10.1523 0.5195 | 13 12.6425 0.6469 | 1 600 -1 0.0000 0.0000 0.0000 
48.9404 10 10.1849 0.5211 | 16 16.0423 0.8208 | 1 600 -1 0.0000 0.0000 0.0000 
48.8210 10 10.2069 0.5223 | 16 16.0556 0.8215 | 1 600 -1 0.0000 0.0000 0.0000 
48.7306 10 10.2070 0.5223 | 16 16.0411 0.8208 | 1 600 -1 0.0000 0.0000 0.0000 
48.7591 10 10.2156 0.5227 | 16 16.0049 0.8189 | 1 600 -1 0.0000 0.0000 0.0000 
48.8353 10 10.2271 0.5233 | 16 16.0205 0.8197 | 1 600 -1 0.0000 0.0000 0.0000 
48.8735 10 10.2351 0.5237 | 16 15.9812 0.8177 | 1 600 -1 0.0000 0.0000 0.0000 
48.8591 10 10.2520 0.5246 | 16 15.9878 0.8180 | 1 600 -1 0.0000 0.0000 0.0000 
49.1425 10 10.2495 0.5244 | 16 16.0051 0.8189 | 1 600 -1 0.0000 0.0000 0.0000 
48.5555 10 10.2379 0.5238 | 16 16.0192 0.8197 | 1 600 -1 0.0000 0.0000 0.0000 
48.9261 10 10.2374 0.5238 | 16 16.0206 0.8197 | 1 600 -1 0.0000 0.0000 0.0000 
49.4682 10 10.2253 0.5232 | 16 16.0232 0.8199 | 1 600 -1 0.0000 0.0000 0.0000 
48.4896 10 10.2124 0.5225 | 16 16.0059 0.8190 | 1 600 -1 0.0000 0.0000 0.0000 
49.1521 10 10.1923 0.5215 | 16 16.0118 0.8193 | 1 600 -1 0.0000 0.0000 0.0000 
48.7686 10 10.1805 0.5209 | 13 12.5028 0.6397 | 1 600 -1 0.0000 0.0000 0.0000 
48.5225 10 10.1738 0.5206 | 13 12.5425 0.6418 | 1 600 -1 0.0000 0.0000 0.0000 
48.8544 10 10.1728 0.5205 | 13 12.5773 0.6435 | 1 600 -1 0.0000 0.0000 0.0000 
48.4215 10 10.1768 0.5207 | 13 12.5430 0.6418 | 1 600 -1 0.0000 0.0000 0.0000 
48.8878 10 10.1734 0.5205 | 13 12.5598 0.6426 | 1 600  3 3.4754 17.3770 8.6242 
48.8639 10 10.1788 0.5208 | 13 12.5345 0.6413 | 1 600  3 3.2369 16.1847 8.6551 
49.0533 10 10.1616 0.5199 | 13 12.5450 0.6419 | 1 600  3 3.0847 15.4234 8.6851 
48.5909 10 10.1648 0.5201 | 13 12.6436 0.6469 | 1 600  3 2.9717 14.8585 8.7141 
48.7852 10 10.1554 0.5196 | 13 12.6779 0.6487 | 1 600  3 2.8791 14.3953 8.7423 
48.7092 10 10.1496 0.5193 | 13 12.7327 0.6515 | 1 600  3 2.7980 13.9901 8.7693 
48.3582 10 10.1482 0.5193 | 13 12.7595 0.6529 | 1 600  3 2.7232 13.6158 8.7953 
48.6926 10 10.1421 0.5189 | 13 12.7713 0.6535 | 1 600  3 2.6516 13.2580 8.8204 
48.6760 10 10.1476 0.5192 | 13 12.7350 0.6516 | 1 600  3 2.5813 12.9067 8.8443 
48.2323 10 10.1533 0.5195 | 13 12.6721 0.6484 | 1 600  3 2.5112 12.5561 8.8671 
48.4684 10 10.1578 0.5197 | 13 12.7113 0.6504 | 1 600 -1 0.0000 0.0000 0.0000 
48.7116 10 10.1522 0.5195 | 13 12.7494 0.6523 | 1 600 -1 0.0000 0.0000 0.0000 
48.5460 10 10.1477 0.5192 | 13 12.8158 0.6557 | 1 600 -1 0.0000 0.0000 0.0000 
49.1207 10 10.1502 0.5194 | 13 12.7984 0.6549 | 1 600 -1 0.0000 0.0000 0.0000 
48.7282 10 10.1596 0.5198 | 13 12.6907 0.6493 | 1 600 -1 0.0000 0.0000 0.0000 
49.0653 10 10.1892 0.5213 | 16 15.9852 0.8179 | 1 600 -1 0.0000 0.0000 0.0000 
48.9404 10 10.2048 0.5221 | 16 15.9696 0.8171 | 1 600 -1 0.0000 0.0000 0.0000 
48.5814 10 10.2139 0.5226 | 16 15.9585 0.8165 | 1 600 -1 0.0000 0.0000 0.0000 
49.1135 10 10.2273 0.5233 | 16 15.9643 0.8168 | 1 600 -1 0.0000 0.0000 0.0000 
48.9740 10 10.2477 0.5243 | 16 15.9564 0.8164 | 1 600 -1 0.0000 0.0000 0.0000 
48.9165 10 10.2779 0.5259 | 16 15.9662 0.8169 | 1 600 -1 0.0000 0.0000 0.0000 
49.1014 10 10.3115 0.5276 | 16 15.9651 0.8169 | 1 600 -1 0.0000 0.0000 0.0000 
48.5673 10 10.3555 0.5299 | 16 15.9593 0.8166 | 1 600 -1 0.0000 0.0000 0.0000 
49.2902 10 10.3610 0.5301 | 16 15.9471 0.8160 | 1 600 -1 0.0000 0.0000 0.0000 
48.8067 10 10.3644 0.5303 | 16 15.9155 0.8143 | 1 600 -1 0.0000 0.0000 0.0000 
48.7971 10 10.3994 0.5321 | 16 15.9095 0.8140 | 1 600 -1 0.0000 0.0000 0.0000 
48.7306 10 10.4209 0.5332 | 16 15.8860 0.8128 | 1 600 -1 0.0000 0.0000 0.0000 
48.4684 10 10.4556 0.5350 | 16 15.8838 0.8127 | 1 600 -1 0.0000 0.0000 0.0000 
48.9740 10 10.4636 0.5354 | 16 15.9114 0.8141 | 1 600 -1 0.0000 0.0000 0.0000 
48.9237 10 10.4784 0.5361 | 16 15.9014 0.8136 | 1 600 -1 0.0000 0.0000 0.0000 
48.4848 10 10.4824 0.5364 | 16 15.9049 0.8138 | 1 600 -1 0.0000 0.0000 0.0000 
48.5625 10 10.4780 0.5361 | 16 15.8987 0.8135 | 1 600 -1 0.0000 0.0000 0.0000 
48.9428 10 10.4487 0.5346 | 16 15.8841 0.8127 | 1 600 -1 0.0000 0.0000 0.0000 
48.6523 10 10.4452 0.5344 | 16 15.9074 0.8139 | 1 600 -1 0.0000 0.0000 0.0000 
48.8257 10 10.4199 0.5332 | 16 15.9113 0.8141 | 1 600 -1 0.0000 0.0000 0.0000 
48.5602 10 10.4285 0.5336 | 16 15.9471 0.8160 | 1 600 -1 0.0000 0.0000 0.0000 
48.9309 10 10.4259 0.5335 | 16 15.9614 0.8167 | 1 600 -1 0.0000 0.0000 0.0000 
49.0124 10 10.3970 0.5320 | 16 15.9737 0.8173 | 1 600 -1 0.0000 0.0000 0.0000 
49.0412 10 10.3994 0.5321 | 16 15.9765 0.8175 | 1 600 -1 0.0000 0.0000 0.0000 
48.5885 10 10.3883 0.5315 | 16 15.9614 0.8167 | 1 600 -1 0.0000 0.0000 0.0000 
47.9962 10 10.3790 0.5311 | 16 15.9849 0.8179 | 1 600 -1 0.0000 0.0000 0.0000 
48.6405 10 10.3618 0.5302 | 16 15.9812 0.8177 | 1 600 -1 0.0000 0.0000 0.0000 
48.7448 10 10.3370 0.5289 | 16 15.9895 0.8181 | 1 600 -1 0.0000 0.0000 0.0000 
48.8281 10 10.3211 0.5281 | 16 16.0029 0.8188 | 1 600 -1 0.0000 0.0000 0.0000 
48.7876 10 10.2945 0.5267 | 16 16.0194 0.8197 | 1 600 -1 0.0000 0.0000 0.0000 
48.4238 10 10.2736 0.5257 | 16 16.0559 0.8215 | 1 600 -1 0.0000 0.0000 0.0000 
48.7116 10 10.2389 0.5239 | 16 16.0711 0.8223 | 1 600 -1 0.0000 0.0000 0.0000 
48.5625 10 10.2262 0.5232 | 16 16.0824 0.8229 | 1 600 -1 0.0000 0.0000 0.0000 
48.7971 10 10.2147 0.5227 | 16 16.0892 0.8232 | 1 600 -1 0.0000 0.0000 0.0000 
48.8854 10 10.1880 0.5213 | 13 12.7014 0.6499 | 1 600 -1 0.0000 0.0000 0.0000 
48.7781 10 10.1690 0.5203 | 13 12.8340 0.6567 | 1 600 -1 0.0000 0.0000 0.0000 
49.0292 10 10.1397 0.5188 | 13 12.9360 0.6619 | 1 600 -1 0.0000 0.0000 0.0000 
48.8281 10 10.1357 0.5186 | 13 12.9601 0.6631 | 1 600 -1 0.0000 0.0000 0.0000 
48.8950 10 10.1343 0.5185 | 13 12.9764 0.6640 | 1 600 -1 0.0000 0.0000 0.0000 
48.6523 10 10.1373 0.5187 | 13 12.9689 0.6636 | 1 600 -1 0.0000 0.0000 0.0000 
48.8091 10 10.1251 0.5181 | 13 12.9956 0.6649 | 1 600 -1 0.0000 0.0000 0.0000 
49.3024 10 10.1080 0.5172 | 13 13.0402 0.6672 | 1 600 -1 0.0000 0.0000 0.0000 
48.9572 10 10.1033 0.5170 | 13 13.0422 0.6673 | 1 600 -1 0.0000 0.0000 0.0000 
48.2486 10 10.1155 0.5176 | 13 13.0102 0.6657 | 1 600 -1 0.0000 0.0000 0.0000 
49.1231 10 10.1168 0.5176 | 13 13.0138 0.6659 | 1 600 -1 0.0000 0.0000 0.0000 
48.4990 10 10.1452 0.5191 | 13 12.9832 0.6643 | 1 600 -1 0.0000 0.0000 0.0000 
48.7805 10 10.1426 0.5190 | 13 13.0038 0.6654 | 1 600 -1 0.0000 0.0000 0.0000 
49.2927 10 10.1359 0.5186 | 13 13.0313 0.6668 | 1 600 -1 0.0000 0.0000 0.0000 
48.8782 10 10.1223 0.5179 | 13 13.0522 0.6678 | 1 600 -1 0.0000 0.0000 0.0000 
48.8615 10 10.1148 0.5175 | 13 13.1043 0.6705 | 1 600 -1 0.0000 0.0000 0.0000 
48.6192 10 10.1022 0.5169 | 13 13.1203 0.6713 | 1 600 -1 0.0000 0.0000 0.0000 
48.7900 10 10.1116 0.5174 | 13 13.0969 0.6701 | 1 600 -1 0.0000 0.0000 0.0000 
48.8591 10 10.1013 0.5169 | 13 13.0879 0.6697 | 1 600 -1 0.0000 0.0000 0.0000 
48.6973 10 10.0822 0.5159 | 13 13.1243 0.6715 | 1 600 -1 0.0000 0.0000 0.0000 
49.0581 10 10.0551 0.5145 | 13 13.1610 0.6734 | 1 600 -1 0.0000 0.0000 0.0000 
48.6145 10 10.0297 0.5132 | 13 13.2069 0.6758 | 1 600 -1 0.0000 0.0000 0.0000 
48.6429 10 9.9952 0.5114 | 13 13.2419 0.6775 | 1 600 -1 0.0000 0.0000 0.0000 
48.8974 10 9.9780 0.5105 | 13 13.2600 0.6785 | 1 600 -1 0.0000 0.0000 0.0000 
48.7757 10 9.9496 0.5091 | 13 13.2679 0.6789 | 1 600 -1 0.0000 0.0000 0.0000 
48.7686 10 9.9273 0.5079 | 13 13.2595 0.6784 | 1 600 -1 0.0000 0.0000 0.0000 
48.8257 10 9.9044 0.5068 | 13 13.2472 0.6778 | 1 600 -1 0.0000 0.0000 0.0000 
48.8305 10 9.8916 0.5061 | 13 13.2288 0.6769 | 1 600 -1 0.0000 0.0000 0.0000 
49.3121 10 9.8875 0.5059 | 13 13.2053 0.6757 | 1 600 -1 0.0000 0.0000 0.0000 
48.7353 10 9.8986 0.5065 | 13 13.1742 0.6741 | 1 600 -1 0.0000 0.0000 0.0000 
48.9404 10 9.9263 0.5079 | 13 13.1259 0.6716 | 1 600 -1 0.0000 0.0000 0.0000 
48.5555 10 9.9855 0.5109 | 13 13.0689 0.6687 | 1 600 -1 0.0000 0.0000 0.0000 
48.0746 10 10.1031 0.5169 | 13 13.0083 0.6656 | 1 600 -1 0.0000 0.0000 0.0000 
48.5531 10 10.2697 0.5255 | 13 12.9386 0.6620 | 1 600 -1 0.0000 0.0000 0.0000 
48.9165 13 12.8830 0.6592 | 19 19.1110 0.9778 | 1 600 -1 0.0000 0.0000 0.0000 
48.9117 13 12.8332 0.6566 | 19 19.0724 0.9759 | 1 600 -1 0.0000 0.0000 0.0000 
49.1473 13 12.7697 0.6534 | 19 19.0595 0.9752 | 1 600 -1 0.0000 0.0000 0.0000 
48.7187 13 12.6939 0.6495 | 19 19.0433 0.9744 | 1 600 -1 0.0000 0.0000 0.0000 
48.6997 13 12.6300 0.6462 | 19 19.0589 0.9752 | 1 600 -1 0.0000 0.0000 0.0000 
49.0918 13 12.5668 0.6430 | 19 19.0581 0.9751 | 1 600 -1 0.0000 0.0000 0.0000 
48.5107 12 12.4862 0.6389 | 19 19.0219 0.9733 | 1 600 -1 0.0000 0.0000 0.0000 
48.6429 12 12.4294 0.6360 | 19 19.0218 0.9733 | 1 600 -1 0.0000 0.0000 0.0000 
48.1487 12 12.3710 0.6330 | 19 19.0169 0.9730 | 1 600 -1 0.0000 0.0000 0.0000 
48.6310 12 12.3386 0.6313 | 19 19.0279 0.9736 | 1 600 -1 0.0000 0.0000 0.0000 
48.8329 12 12.3162 0.6302 | 19 18.9975 0.9720 | 1 600 -1 0.0000 0.0000 0.0000 
48.0792 12 12.2957 0.6291 | 19 18.9767 0.9710 | 1 600 -1 0.0000 0.0000 0.0000 
48.6831 12 12.2929 0.6290 | 19 18.9861 0.9715 | 1 600 -1 0.0000 0.0000 0.0000 
48.8806 12 12.2923 0.6290 | 19 18.9850 0.9714 | 1 600 -1 0.0000 0.0000 0.0000 
48.7211 12 12.3028 0.6295 | 19 18.9902 0.9717 | 1 600 -1 0.0000 0.0000 0.0000 
49.1787 12 12.3525 0.6320 | 19 18.9635 0.9703 | 1 600 -1 0.0000 0.0000 0.0000 
48.4426 12 12.4293 0.6360 | 19 18.9728 0.9708 | 1 600 -1 0.0000 0.0000 0.0000 
49.1715 12 12.4855 0.6388 | 19 18.9662 0.9704 | 1 600 -1 0.0000 0.0000 0.0000 
48.4896 13 12.5133 0.6403 | 19 18.9593 0.9701 | 1 600 -1 0.0000 0.0000 0.0000 
48.4660 12 12.4817 0.6386 | 19 18.9847 0.9714 | 1 600 -1 0.0000 0.0000 0.0000 
48.8138 12 12.4941 0.6393 | 19 18.9829 0.9713 | 1 600 -1 0.0000 0.0000 0.0000 
48.8281 13 12.5079 0.6400 | 19 18.9414 0.9692 | 1 600 -1 0.0000 0.0000 0.0000 
48.8162 13 12.5263 0.6409 | 19 18.9364 0.9689 | 1 600 -1 0.0000 0.0000 0.0000 
48.7424 13 12.5478 0.6420 | 19 18.9446 0.9693 | 1 600 -1 0.0000 0.0000 0.0000 
48.4520 13 12.5143 0.6403 | 19 18.9324 0.9687 | 1 600 -1 0.0000 0.0000 0.0000 
48.6902 12 12.4961 0.6394 | 19 18.9685 0.9706 | 1 600 -1 0.0000 0.0000 0.0000 
48.5272 12 12.4604 0.6376 | 19 18.9367 0.9689 | 1 600 -1 0.0000 0.0000 0.0000 
48.7900 12 12.4539 0.6372 | 19 18.9437 0.9693 | 1 600 -1 0.0000 0.0000 0.0000 
48.5084 12 12.4714 0.6381 | 19 18.9534 0.9698 | 1 600 -1 0.0000 0.0000 0.0000 
49.1231 13 12.5026 0.6397 | 19 18.9516 0.9697 | 1 600 -1 0.0000 0.0000 0.0000 
48.7829 13 12.5282 0.6410 | 19 18.9703 0.9706 | 1 600 -1 0.0000 0.0000 0.0000 
48.6642 13 12.5198 0.6406 | 19 18.9478 0.9695 | 1 600 -1 0.0000 0.0000 0.0000 
49.0244 12 12.4873 0.6389 | 19 18.9587 0.9701 | 1 600 -1 0.0000 0.0000 0.0000 
48.9764 12 12.4281 0.6359 | 19 18.9643 0.9703 | 1 600 -1 0.0000 0.0000 0.0000 
49.1642 12 12.3918 0.6340 | 19 18.9880 0.9716 | 1 600 -1 0.0000 0.0000 0.0000 
48.6121 12 12.3491 0.6319 | 19 18.9708 0.9707 | 1 600 -1 0.0000 0.0000 0.0000 
48.9069 12 12.3535 0.6321 | 19 18.9895 0.9716 | 1 600 -1 0.0000 0.0000 0.0000 
48.4355 12 12.3194 0.6303 | 19 18.9974 0.9720 | 1 600 -1 0.0000 0.0000 0.0000 
48.8806 12 12.3387 0.6313 | 19 18.9836 0.9713 | 1 600 -1 0.0000 0.0000 0.0000 
49.0412 12 12.3398 0.6314 | 19 18.9623 0.9702 | 1 600 -1 0.0000 0.0000 0.0000 
48.8305 12 12.3219 0.6305 | 19 18.9776 0.9710 | 1 600 -1 0.0000 0.0000 0.0000 
48.8806 12 12.3449 0.6316 | 19 18.9778 0.9710 | 1 600 -1 0.0000 0.0000 0.0000 
49.1449 12 12.3455 0.6317 | 19 18.9613 0.9702 | 1 600 -1 0.0000 0.0000 0.0000 
48.8830 12 12.3791 0.6334 | 19 18.9807 0.9712 | 1 600 -1 0.0000 0.0000 0.0000 
48.6926 12 12.4083 0.6349 | 19 19.0267 0.9735 | 1 600 -1 0.0000 0.0000 0.0000 
49.0701 12 12.4418 0.6366 | 19 19.0207 0.9732 | 1 600 -1 0.0000 0.0000 0.0000 
48.4990 13 12.5066 0.6399 | 19 18.9969 0.9720 | 1 600 -1 0.0000 0.0000 0.0000 
48.8091 13 12.5675 0.6430 | 19 19.0098 0.9727 | 1 600 -1 0.0000 0.0000 0.0000 
48.8591 13 12.6122 0.6453 | 19 18.9951 0.9719 | 1 600 -1 0.0000 0.0000 0.0000 
48.2439 13 12.6629 0.6479 | 19 19.0365 0.9740 | 1 600 -1 0.0000 0.0000 0.0000 
48.7282 13 12.7189 0.6508 | 19 19.0237 0.9734 | 1 600 -1 0.0000 0.0000 0.0000 
48.7045 13 12.7815 0.6540 | 19 19.0509 0.9748 | 1 600 -1 0.0000 0.0000 0.0000 
48.7995 10 10.4717 0.5358 | 13 12.8587 0.6579 | 1 600 -1 0.0000 0.0000 0.0000 
48.9908 10 10.2334 0.5236 | 13 12.9519 0.6627 | 1 600 -1 0.0000 0.0000 0.0000 
48.8067 10 10.0808 0.5158 | 13 13.0392 0.6672 | 1 600 -1 0.0000 0.0000 0.0000 
48.7140 10 9.9999 0.5117 | 13 13.1086 0.6707 | 1 600 -1 0.0000 0.0000 0.0000 
48.8544 10 9.9736 0.5103 | 13 13.1577 0.6732 | 1 600 -1 0.0000 0.0000 0.0000 
49.0870 10 9.9617 0.5097 | 13 13.1867 0.6747 | 1 600 -1 0.0000 0.0000 0.0000 
48.6831 10 9.9697 0.5101 | 13 13.2326 0.6771 | 1 600 -1 0.0000 0.0000 0.0000 
48.9309 10 9.9739 0.5103 | 13 13.2619 0.6786 | 1 600 -1 0.0000 0.0000 0.0000 
48.7662 10 9.9788 0.5106 | 13 13.3029 0.6807 | 1 600 -1 0.0000 0.0000 0.0000 
48.8806 10 9.9853 0.5109 | 13 13.3226 0.6817 | 1 600 -1 0.0000 0.0000 0.0000 
48.6287 10 9.9866 0.5110 | 13 13.3345 0.6823 | 1 600 -1 0.0000 0.0000 0.0000 
48.3442 10 9.9920 0.5113 | 13 13.3355 0.6823 | 1 600 -1 0.0000 0.0000 0.0000 
48.7401 10 10.0047 0.5119 | 13 13.3431 0.6827 | 1 600 -1 0.0000 0.0000 0.0000 
48.3863 10 9.9995 0.5116 | 13 13.3358 0.6823 | 1 600 -1 0.0000 0.0000 0.0000 
49.0942 10 10.0079 0.5121 | 13 13.3268 0.6819 | 1 600 -1 0.0000 0.0000 0.0000 
48.6665 10 10.0095 0.5122 | 13 13.3187 0.6815 | 1 600 -1 0.0000 0.0000 0.0000 
49.0581 10 10.0171 0.5125 | 13 13.2927 0.6801 | 1 600 -1 0.0000 0.0000 0.0000 
48.4355 10 10.0416 0.5138 | 13 13.2722 0.6791 | 1 600 -1 0.0000 0.0000 0.0000 
48.9165 10 10.0526 0.5144 | 13 13.2387 0.6774 | 1 600 -1 0.0000 0.0000 0.0000 
49.0388 10 10.0657 0.5150 | 13 13.2344 0.6772 | 1 600 -1 0.0000 0.0000 0.0000 
49.1908 10 10.0723 0.5154 | 13 13.2417 0.6775 | 1 600 -1 0.0000 0.0000 0.0000 
48.7615 10 10.0715 0.5153 | 13 13.2537 0.6781 | 1 600 -1 0.0000 0.0000 0.0000 
48.9141 10 10.0708 0.5153 | 13 13.2544 0.6782 | 1 600 -1 0.0000 0.0000 0.0000 
48.8210 10 10.0737 0.5154 | 13 13.2943 0.6802 | 1 600 -1 0.0000 0.0000 0.0000 
48.8878 10 10.0753 0.5155 | 13 13.2955 0.6803 | 1 600 -1 0.0000 0.0000 0.0000 
49.0629 10 10.0750 0.5155 | 13 13.3012 0.6806 | 1 600 -1 0.0000 0.0000 0.0000 
48.8902 10 10.0746 0.5155 | 13 13.2902 0.6800 | 1 600 -1 0.0000 0.0000 0.0000 
48.9476 10 10.0901 0.5163 | 13 13.3112 0.6811 | 1 600 -1 0.0000 0.0000 0.0000 
48.6334 10 10.0985 0.5167 | 13 13.2916 0.6801 | 1 600 -1 0.0000 0.0000 0.0000 
48.8782 10 10.1015 0.5169 | 13 13.2968 0.6804 | 1 600 -1 0.0000 0.0000 0.0000 
49.0172 10 10.0932 0.5164 | 13 13.3074 0.6809 | 1 600 -1 0.0000 0.0000 0.0000 
49.1207 10 10.0920 0.5164 | 13 13.3188 0.6815 | 1 600 -1 0.0000 0.0000 0.0000 
48.8281 10 10.1091 0.5172 | 13 13.3583 0.6835 | 1 600 -1 0.0000 0.0000 0.0000 
48.5484 10 10.1411 0.5189 | 13 13.3178 0.6814 | 1 600 -1 0.0000 0.0000 0.0000 
48.7140 10 10.1709 0.5204 | 13 13.0723 0.6689 | 1 600 -1 0.0000 0.0000 0.0000 
49.1111 10 10.1918 0.5215 | 16 16.0937 0.8235 | 1 600 -1 0.0000 0.0000 0.0000 
48.9309 10 10.2030 0.5221 | 16 16.0640 0.8219 | 1 600 -1 0.0000 0.0000 0.0000 
49.2005 10 10.2297 0.5234 | 16 16.0684 0.8222 | 1 600 -1 0.0000 0.0000 0.0000 
48.7948 10 10.2641 0.5252 | 16 16.0719 0.8223 | 1 600 -1 0.0000 0.0000 0.0000 
48.7615 10 10.3009 0.5271 | 16 16.0401 0.8207 | 1 600 -1 0.0000 0.0000 0.0000 
48.7234 10 10.3478 0.5295 | 16 16.0362 0.8205 | 1 600 -1 0.0000 0.0000 0.0000 
48.4919 10 10.3688 0.5305 | 16 16.0062 0.8190 | 1 600 -1 0.0000 0.0000 0.0000 
48.8138 10 10.3787 0.5310 | 16 15.9760 0.8174 | 1 600 -1 0.0000 0.0000 0.0000 
48.3933 10 10.3972 0.5320 | 16 15.9441 0.8158 | 1 600 -1 0.0000 0.0000 0.0000 
48.7543 10 10.4251 0.5334 | 16 15.8850 0.8128 | 1 600 -1 0.0000 0.0000 0.0000 
48.6808 10 10.4208 0.5332 | 16 15.8739 0.8122 | 1 600 -1 0.0000 0.0000 0.0000 
48.6121 10 10.4455 0.5345 | 16 15.8520 0.8111 | 1 600 -1 0.0000 0.0000 0.0000 
48.7615 10 10.4445 0.5344 | 16 15.8699 0.8120 | 1 600 -1 0.0000 0.0000 0.0000 
49.1231 10 10.4569 0.5350 | 16 15.8563 0.8113 | 1 600 -1 0.0000 0.0000 0.0000 
48.8854 10 10.4539 0.5349 | 16 15.8650 0.8118 | 1 600 -1 0.0000 0.0000 0.0000 
48.3489 10 10.4431 0.5343 | 16 15.8355 0.8103 | 1 600 -1 0.0000 0.0000 0.0000 
48.9668 10 10.4398 0.5342 | 16 15.8546 0.8112 | 1 600  3 2.5251 12.6257 9.7595 
48.6239 10 10.4227 0.5333 | 16 15.8314 0.8100 | 1 600  3 2.5520 12.7599 9.7947 
49.0677 10 10.4050 0.5324 | 16 15.8503 0.8110 | 1 600  3 2.5768 12.8839 9.8290 
48.0492 10 10.3972 0.5320 | 16 15.8541 0.8112 | 1 600  3 2.5998 12.9988 9.8622 
48.8639 10 10.3991 0.5321 | 16 15.8429 0.8106 | 1 600  3 2.6210 13.1049 9.8943 
48.0885 10 10.3905 0.5316 | 16 15.8667 0.8118 | 1 600  3 2.6407 13.2036 9.9253 
48.9189 10 10.3872 0.5315 | 16 15.8518 0.8111 | 1 600  3 2.6591 13.2955 9.9551 
49.2756 10 10.3840 0.5313 | 16 15.8345 0.8102 | 1 600  3 2.6762 13.3809 9.9837 
48.7282 10 10.3752 0.5309 | 16 15.8297 0.8100 | 1 600  3 2.6922 13.4611 10.0111 
48.1024 10 10.3604 0.5301 | 16 15.8366 0.8103 | 1 600  3 2.7074 13.5369 10.0376 
49.0725 10 10.3590 0.5300 | 16 15.8378 0.8104 | 1 600  3 2.7216 13.6080 10.0628 
48.7401 10 10.3512 0.5296 | 16 15.8161 0.8093 | 1 600  3 2.7350 13.6751 10.0868 
48.5272 10 10.3376 0.5289 | 16 15.8119 0.8090 | 1 600  3 2.7477 13.7383 10.1096 
48.5248 10 10.3350 0.5288 | 16 15.8126 0.8091 | 1 600  3 2.7596 13.7979 10.1310 
49.2927 10 10.3208 0.5281 | 16 15.8198 0.8094 | 1 600  3 2.7709 13.8544 10.1511 
48.7045 10 10.3182 0.5279 | 16 15.8188 0.8094 | 1 600  3 2.7815 13.9077 10.1698 
48.6476 10 10.3091 0.5275 | 16 15.8167 0.8093 | 1 600  3 2.7917 13.9585 10.1872 
48.6902 10 10.3020 0.5271 | 16 15.8201 0.8095 | 1 600  3 2.8013 14.0065 10.2032 
48.3933 10 10.3359 0.5289 | 16 15.8181 0.8094 | 1 600  3 2.8102 14.0510 10.2173 
49.0196 10 10.3375 0.5289 | 16 15.8173 0.8093 | 1 600  3 2.8186 14.0932 10.2299 
48.4543 10 10.3433 0.5292 | 16 15.8130 0.8091 | 1 600  3 2.8266 14.1331 10.2409 
48.8019 10 10.3726 0.5307 | 16 15.7795 0.8074 | 1 600  3 2.8341 14.1705 10.2502 
49.1787 10 10.3855 0.5314 | 16 15.7791 0.8074 | 1 600  3 2.8412 14.2058 10.2579 
48.8902 10 10.3886 0.5316 | 16 15.7468 0.8057 | 1 600  3 2.8478 14.2392 10.2640 
48.5767 10 10.3878 0.5315 | 16 15.7548 0.8061 | 1 600  3 2.8542 14.2709 10.2684 
48.4332 10 10.3920 0.5317 | 16 15.7615 0.8065 | 1 600  3 2.8602 14.3011 10.2713 
49.2368 10 10.4197 0.5331 | 16 15.7281 0.8048 | 1 600  3 2.8659 14.3295 10.2724 
48.9572 10 10.4475 0.5346 | 16 15.7204 0.8044 | 1 600  3 2.8713 14.3563 10.2720 
48.9333 10 10.4863 0.5366 | 16 15.7242 0.8046 | 1 600  3 2.8763 14.3815 10.2700 
49.3024 11 10.5407 0.5393 | 16 15.7020 0.8034 | 1 600  3 2.8810 14.4050 10.2664 
48.7068 11 10.5484 0.5397 | 16 15.6753 0.8021 | 1 600  3 2.8855 14.4273 10.2612 
48.9644 11 10.5482 0.5397 | 16 15.6347 0.8000 | 1 600  3 2.8897 14.4486 10.2545 
48.8186 11 10.5728 0.5410 | 16 15.5837 0.7974 | 1 600  3 2.8937 14.4687 10.2462 
48.7900 11 10.5928 0.5420 | 16 15.5576 0.7960 | 1 600  3 2.8975 14.4877 10.2364 
48.2998 11 10.6302 0.5439 | 16 15.5366 0.7950 | 1 600  3 2.9011 14.5056 10.2252 
49.1135 11 10.6351 0.5442 | 16 15.5714 0.7967 | 1 600  3 2.9046 14.5228 10.2125 
48.9404 11 10.6559 0.5452 | 16 15.5651 0.7964 | 1 600  3 2.9078 14.5389 10.1983 
48.8472 11 10.6490 0.5449 | 16 15.5543 0.7959 | 1 600  3 2.9109 14.5544 10.1826 
48.5531 11 10.6421 0.5445 | 16 15.5517 0.7957 | 1 600  3 2.9138 14.5692 10.1654 
49.0196 11 10.6393 0.5444 | 16 15.5187 0.7940 | 1 600  3 2.9167 14.5833 10.1466 
48.9237 11 10.6368 0.5442 | 16 15.5295 0.7946 | 1 600  3 2.9194 14.5968 10.1264 
48.8639 11 10.6230 0.5435 | 16 15.5423 0.7952 | 1 600  3 2.9219 14.6097 10.1046 
48.3793 11 10.6009 0.5424 | 16 15.5450 0.7954 | 1 600  3 2.9244 14.6221 10.0812 
49.1908 11 10.5901 0.5419 | 16 15.5883 0.7976 | 1 600  3 2.9268 14.6340 10.0562 
49.1256 11 10.5940 0.5421 | 16 15.6218 0.7993 | 1 600  3 2.9290 14.6452 10.0299 
49.1256 11 10.5821 0.5415 | 16 15.6283 0.7996 | 1 600  3 2.9312 14.6560 10.0021 
48.0769 11 10.5735 0.5410 | 16 15.6742 0.8020 | 1 600  3 2.9333 14.6663 9.9728 
49.0894 11 10.5474 0.5397 | 16 15.6422 0.8004 | 1 600  3 2.9352 14.6762 9.9418 
48.7971 11 10.5678 0.5407 | 16 15.6234 0.7994 | 1 600  3 2.9371 14.6854 9.9099 
49.0004 11 10.5600 0.5403 | 16 15.6379 0.8001 | 1 600  3 2.9388 14.6942 9.8766 
48.6476 11 10.5726 0.5410 | 16 15.6234 0.7994 | 1 600  3 2.9405 14.7024 9.8424 
48.5060 11 10.5724 0.5410 | 16 15.6144 0.7989 | 1 600  3 2.9420 14.7101 9.8073 
49.2514 11 10.5514 0.5399 | 16 15.6249 0.7995 | 1 600  3 2.9435 14.7174 9.7707 
48.6571 11 10.5695 0.5408 | 16 15.6427 0.8004 | 1 600  3 2.9448 14.7241 9.7334 
48.8663 11 10.5840 0.5415 | 16 15.6265 0.7996 | 1 600  3 2.9461 14.7303 9.6952 
49.2417 11 10.5683 0.5407 | 16 15.6264 0.7995 | 1 600  3 2.9472 14.7361 9.6556 
49.1135 11 10.5742 0.5410 | 16 15.6155 0.7990 | 1 600  3 2.9483 14.7415 9.6154 
49.1014 11 10.5827 0.5415 | 16 15.6061 0.7985 | 1 600  3 2.9493 14.7463 9.5745 
48.6665 11 10.5832 0.5415 | 16 15.6248 0.7995 | 1 600  3 2.9501 14.7507 9.5328 
48.7353 11 10.5799 0.5413 | 16 15.6101 0.7987 | 1 600  3 2.9509 14.7546 9.4903 
48.8210 11 10.5901 0.5419 | 16 15.6277 0.7996 | 1 600  3 2.9516 14.7580 9.4473 
48.6263 11 10.6038 0.5426 | 16 15.5679 0.7966 | 1 600  3 2.9522 14.7609 9.4040 
48.9500 11 10.6133 0.5430 | 16 15.6016 0.7983 | 1 600  3 2.9527 14.7633 9.3604 
49.1063 11 10.6336 0.5441 | 16 15.5838 0.7974 | 1 600  3 2.9530 14.7652 9.3170 
48.5602 11 10.6541 0.5451 | 16 15.5881 0.7976 | 1 600  3 2.9533 14.7667 9.2740 
48.9644 11 10.6728 0.5461 | 16 15.5745 0.7969 | 1 600  3 2.9535 14.7676 9.2314 
48.9309 11 10.6929 0.5471 | 16 15.5529 0.7958 | 1 600  3 2.9536 14.7680 9.1895 
48.7686 11 10.7255 0.5488 | 16 15.5738 0.7969 | 1 600  3 2.9536 14.7679 9.1486 
48.7900 11 10.7431 0.5497 | 16 15.5910 0.7977 | 1 600  3 2.9535 14.7674 9.1084 
47.9386 11 10.7917 0.5522 | 16 15.5894 0.7977 | 1 600  3 2.9533 14.7664 9.0701 
48.4215 11 10.8108 0.5532 | 16 15.5702 0.7967 | 1 600  3 2.9530 14.7650 9.0326 
48.6523 11 10.8048 0.5528 | 16 15.5215 0.7942 | 1 600  3 2.9526 14.7632 8.9960 
48.6287 11 10.8046 0.5528 | 15 15.4721 0.7917 | 1 600  3 2.9522 14.7610 8.9604 
48.8186 11 10.8074 0.5530 | 15 15.4536 0.7907 | 1 600  3 2.9517 14.7586 8.9269 
48.5720 11 10.8081 0.5530 | 15 15.4570 0.7909 | 1 600  3 2.9512 14.7559 8.8953 
49.3925 11 10.8104 0.5531 | 16 15.5299 0.7946 | 1 600  3 2.9506 14.7530 8.8657 
48.6594 11 10.8123 0.5532 | 16 15.5362 0.7949 | 1 600  3 2.9500 14.7499 8.8370 
48.9093 11 10.8030 0.5528 | 16 15.5585 0.7961 | 1 600  3 2.9493 14.7465 8.8092 
49.0268 11 10.7940 0.5523 | 16 15.6027 0.7983 | 1 600  3 2.9486 14.7429 8.7821 
48.7472 11 10.7839 0.5518 | 16 15.6050 0.7985 | 1 600  3 2.9478 14.7391 8.7555 
49.1304 11 10.7696 0.5510 | 16 15.6381 0.8002 | 1 600  3 2.9470 14.7350 8.7291 
48.9524 11 10.7624 0.5507 | 16 15.6591 0.8012 | 1 600  3 2.9461 14.7306 8.7028 
48.7852 11 10.7502 0.5501 | 16 15.6928 0.8029 | 1 600  3 2.9452 14.7260 8.6768 
48.8759 11 10.7421 0.5496 | 16 15.7426 0.8055 | 1 600  3 2.9442 14.7211 8.6510 
48.9285 11 10.7460 0.5498 | 16 15.7851 0.8077 | 1 600  3 2.9432 14.7161 8.6257 
49.0894 11 10.7373 0.5494 | 16 15.8078 0.8088 | 1 600  3 2.9422 14.7108 8.6004 
48.5909 11 10.7250 0.5488 | 16 15.8061 0.8087 | 1 600  3 2.9410 14.7052 8.5751 
48.9069 11 10.7133 0.5482 | 16 15.8155 0.8092 | 1 600  3 2.9399 14.6993 8.5498 
48.9237 11 10.6973 0.5473 | 16 15.8149 0.8092 | 1 600  3 2.9386 14.6931 8.5242 
49.2732 11 10.6895 0.5469 | 16 15.8424 0.8106 | 1 600  3 2.9373 14.6867 8.4985
