0.6338
0.6330
0.6320
0.6313
0.6309
0.6295
0.6280
0.6268
0.6255
0.6242
0.6231
0.6219
0.6211
0.6199
0.6187
0.6177
0.6173
0.6162
0.6151
0.6140
0.6133
0.6128
0.6122
0.6113
0.6109
0.6111
0.6112
0.6108
0.6098
0.6096
0.6091
0.6085
0.6075
0.6067
0.6055
0.6042
0.6033
0.6025
0.6018
0.6011
0.6003
0.5997
0.5988
0.5984
0.5979
0.5972
0.5968
0.5967
0.5964
0.5963
0.5960
0.5961
0.5957
0.5958
0.5958
0.5957
0.5954
0.5956
0.5961
0.5963
0.5966
0.5971
0.5968
0.5968
0.5969
0.5971
0.5975
0.5976
0.5975
0.5976
0.5978
0.5980
0.5985
0.5992
0.5996
0.6003
0.6006
0.6011
0.6012
0.6018
0.6021
0.6024
0.6026
0.6033
0.6038
0.6047
0.6056
0.6063
0.6076
0.6088
0.6102
0.6114
0.6124
0.6136
0.6149
0.6172
0.6198
0.6216
0.6229
0.6237
0.6247
0.6260
0.6270
0.6277
0.6275
0.6282
0.6291
0.6303
0.6312
0.6324
0.6333
0.6341
0.6339
0.6337
0.6341
0.6340
0.6343
0.6345
0.6352
0.6359
0.6358
0.6367
0.6370
0.6379
0.6379
0.6391
0.6391
0.6400
0.6408
0.6418
0.6421
0.6425
0.6429
0.6435
0.6441
0.6445
0.6448
0.6450
0.6447
0.6439
0.6441
0.6439
0.6440
0.6440
0.6442
0.6440
0.6440
0.6437
0.6435
0.6432
0.6425
0.6427
0.6424
0.6417
0.6419
0.6417
0.6420
0.6417
0.6422
0.6427
0.6433
0.6439
0.6448
0.6453
0.6469
0.6477
0.6482
0.6478
0.6488
0.6496
0.6499
0.6501
0.6504
0.6504
0.6500
0.6495
0.6489
0.6484
0.6478
0.6472
0.6460
0.6452
0.6438
0.6426
0.6418
0.6404
0.6385
0.6372
0.6357
0.6344
0.6328
0.6309
0.6299
0.6287
0.6280
0.6273
0.6268
0.6259
0.6259
0.6262
0.6266
0.6274
0.6279
0.6287
0.6295
0.6293
0.6283
0.6277
0.6266
0.6260
0.6242
0.6221
0.6199
0.6177
0.6165
0.6155
0.6140
0.6125
0.6109
0.6094
0.6076
0.6060
0.6051
0.6039
0.6029
0.6020
0.6014
0.6008
0.6002
0.6001
0.6000
0.5997
0.5997
0.5998
0.5994
0.5990
0.5990
0.5992
0.5999
0.6001
0.6004
0.6000
0.5999
0.6002
0.6000
0.6002
0.6003
0.5999
0.6000
0.5997
0.6002
0.6001
0.6006
0.6004
0.6003
0.6005
0.6006
0.6007
0.6007
0.6010
0.6013
0.6017
0.6021
0.6029
0.6040
0.6042
0.6053
0.6065
0.6078
0.6088
0.6101
0.6119
0.6138
0.6160
0.6189
0.6225
0.6254
0.6275
0.6303
0.6323
0.6346
0.6374
0.6391
0.6396
0.6400
0.6401
0.6415
0.6420
0.6432
0.6438
0.6448
0.6446
0.6441
0.6439
0.6436
0.6439
0.6432
0.6439
0.6441
0.6442
0.6447
0.6441
0.6439
0.6448
0.6457
0.6470
0.6477
0.6476
0.6485
0.6497
0.6508
0.6519
0.6528
0.6526
0.6533
0.6539
0.6546
0.6551
0.6552
0.6556
0.6556
0.6557
0.6560
0.6560
0.6563
0.6561
0.6564
0.6561
0.6558
0.6558
0.6557
0.6555
0.6551
0.6551
0.6548
0.6546
0.6542
0.6542
0.6542
0.6543
0.6545
0.6542
0.6546
0.6555
0.6561
0.6567
0.6569
0.6573
0.6579
0.6584
0.6594
0.6595
0.6590
0.6595
0.6596
0.6599
0.6601
0.6599
0.6596
0.6597
0.6601
0.6601
0.6602
0.6603
0.6601
0.6600
0.6598
0.6596
0.6598
0.6599
0.6597
0.6593
0.6593
0.6589
0.6583
0.6585
0.6582
0.6582
0.6577
0.6578
0.6578
0.6578
0.6576
0.6576
0.6570
0.6565
0.6564
0.6559
0.6564
0.6569
0.6563
0.6563
0.6563
0.6563
0.6564
0.6562
0.6564
0.6557
0.6546
0.6535
0.6523
0.6506
0.6492
0.6466
0.6448
0.6418
0.6390
0.6335
0.6283
0.6231
0.6204
0.6172
0.6146
0.6123
0.6103
0.6093
0.6074
0.6061
0.6048
0.6040
0.6027
0.6020
0.6013
0.6007
0.6004
0.6001
0.5997
0.6005
0.6013
0.6007
0.6001
0.5996
0.5990
0.5996
0.5994
0.5989
0.5981
0.5981
0.5975
0.5973
0.5979
0.5976
0.5980
0.5971
0.5971
0.5973
0.5971
0.5977
0.5974
0.5979
0.5983
0.5987
0.5988
0.5993
0.6007
0.6014
0.6023
0.6038
0.6049
0.6069
0.6093
0.6112
0.6126
0.6152
0.6187
0.6257
0.6390
0.6444
0.6478
0.6503
0.6538
0.6569
0.5293
0.5203
0.5152
0.5126
0.5096
0.5068
0.5047
0.5032
0.5014
0.5001
0.4992
0.4979
0.4980
0.4973
0.4970
0.4966
0.4963
0.4964
0.4965
0.4968
0.4972
0.4974
0.4983
0.4990
0.5003
0.5012
0.5020
0.5032
0.5048
0.5062
0.5083
0.5094
0.5098
0.5103
0.5124
0.5131
0.5139
0.5147
0.5157
0.5159
0.5154
0.5145
0.5134
0.5132
0.5126
0.5124
0.5130
0.5125
0.5116
0.5107
0.5098
0.5085
0.5077
0.5064
0.5063
0.5049
0.5047
0.5040
0.5035
0.5028
0.5026
0.5036
0.5039
0.5049
0.5055
0.5064
0.5076
0.5096
0.5108
0.5133
0.5143
0.5146
0.5160
0.5179
0.5194
0.5216
0.5225
0.5236
0.5234
0.5226
0.5219
0.5213
0.5208
0.5212
0.5211
0.5207
0.5200
0.5202
0.5190
0.5185
0.5174
0.5160
0.5152
0.5147
0.5139
0.5138
0.5130
0.5128
0.5122
0.5125
0.5128
0.5134
0.5144
0.5144
0.5146
0.5159
0.5168
0.5180
0.5193
0.5193
0.5189
0.5196
0.5203
0.5203
0.5205
0.5196
0.5190
0.5173
0.5157
0.5134
0.5120
0.5106
0.5102
0.5082
0.5071
0.5053
0.5043
0.5029
0.5016
0.5008
0.4999
0.4997
0.4999
0.4999
0.5019
0.5041
0.5078
0.5147
0.5253
0.6607
0.6589
0.6573
0.6551
0.6540
0.6531
0.6527
0.6529
0.6529
0.6528
0.6522
0.6512
0.6504
0.6501
0.6499
0.6496
0.6481
0.6449
0.6419
0.6386
0.6350
0.6337
0.6312
0.6291
0.6254
0.6220
0.6195
0.6179
0.6168
0.6160
0.6148
0.6141
0.6134
0.6129
0.6126
0.6126
0.6123
0.6125
0.6128
0.6130
0.6138
0.6141
0.6148
0.6157
0.6171
0.6202
0.6224
0.6255
0.6273
0.6277
0.6303
0.6344
0.6390
0.6413
0.6436
0.6454
0.6473
0.6495
0.6520
0.6545
0.6570
0.6583
0.5356
0.5332
0.5308
0.5262
0.5218
0.5172
0.5141
0.5112
0.5088
0.5062
0.5043
0.5029
0.5010
0.5005
0.4994
0.4992
0.4994
0.4992
0.5003
0.5014
0.5032
0.5047
0.5058
0.5077
0.5103
0.5119
0.5131
0.5150
0.5169
0.5182
0.5181
0.5181
0.5175
0.5182
0.5187
0.5185
0.5192
0.5202
0.5210
0.5212
0.5212
0.5208
0.5210
0.5213
0.5210
0.5206
0.5202
0.5188
0.5184
0.5175
0.5170
0.5173
0.5171
0.5181
0.5179
0.5183
0.5191
0.5195
0.5211
0.5223
0.5223
0.5227
0.5233
0.5237
0.5246
0.5244
0.5238
0.5238
0.5232
0.5225
0.5215
0.5209
0.5206
0.5205
0.5207
0.5205
0.5208
0.5199
0.5201
0.5196
0.5193
0.5193
0.5189
0.5192
0.5195
0.5197
0.5195
0.5192
0.5194
0.5198
0.5213
0.5221
0.5226
0.5233
0.5243
0.5259
0.5276
0.5299
0.5301
0.5303
0.5321
0.5332
0.5350
0.5354
0.5361
0.5364
0.5361
0.5346
0.5344
0.5332
0.5336
0.5335
0.5320
0.5321
0.5315
0.5311
0.5302
0.5289
0.5281
0.5267
0.5257
0.5239
0.5232
0.5227
0.5213
0.5203
0.5188
0.5186
0.5185
0.5187
0.5181
0.5172
0.5170
0.5176
0.5176
0.5191
0.5190
0.5186
0.5179
0.5175
0.5169
0.5174
0.5169
0.5159
0.5145
0.5132
0.5114
0.5105
0.5091
0.5079
0.5068
0.5061
0.5059
0.5065
0.5079
0.5109
0.5169
0.5255
0.6592
0.6566
0.6534
0.6495
0.6462
0.6430
0.6389
0.6360
0.6330
0.6313
0.6302
0.6291
0.6290
0.6290
0.6295
0.6320
0.6360
0.6388
0.6403
0.6386
0.6393
0.6400
0.6409
0.6420
0.6403
0.6394
0.6376
0.6372
0.6381
0.6397
0.6410
0.6406
0.6389
0.6359
0.6340
0.6319
0.6321
0.6303
0.6313
0.6314
0.6305
0.6316
0.6317
0.6334
0.6349
0.6366
0.6399
0.6430
0.6453
0.6479
0.6508
0.6540
0.5358
0.5236
0.5158
0.5117
0.5103
0.5097
0.5101
0.5103
0.5106
0.5109
0.5110
0.5113
0.5119
0.5116
0.5121
0.5122
0.5125
0.5138
0.5144
0.5150
0.5154
0.5153
0.5153
0.5154
0.5155
0.5155
0.5155
0.5163
0.5167
0.5169
0.5164
0.5164
0.5172
0.5189
0.5204
0.5215
0.5221
0.5234
0.5252
0.5271
0.5295
0.5305
0.5310
0.5320
0.5334
0.5332
0.5345
0.5344
0.5350
0.5349
0.5343
0.5342
0.5333
0.5324
0.5320
0.5321
0.5316
0.5315
0.5313
0.5309
0.5301
0.5300
0.5296
0.5289
0.5288
0.5281
0.5279
0.5275
0.5271
0.5289
0.5289
0.5292
0.5307
0.5314
0.5316
0.5315
0.5317
0.5331
0.5346
0.5366
0.5393
0.5397
0.5397
0.5410
0.5420
0.5439
0.5442
0.5452
0.5449
0.5445
0.5444
0.5442
0.5435
0.5424
0.5419
0.5421
0.5415
0.5410
0.5397
0.5407
0.5403
0.5410
0.5410
0.5399
0.5408
0.5415
0.5407
0.5410
0.5415
0.5415
0.5413
0.5419
0.5426
0.5430
0.5441
0.5451
0.5461
0.5471
0.5488
0.5497
0.5522
0.5532
0.5528
0.5528
0.5530
0.5530
0.5531
0.5532
0.5528
0.5523
0.5518
0.5510
0.5507
0.5501
0.5496
0.5498
0.5494
0.5488
0.5482
0.5473
0.5469
