200
0.0000
0.0000
0.0000
0.0000
-0.0056
-0.0073
-0.0090
-0.0099
-0.0123
-0.0148
-0.0161
-0.0175
-0.0196
-0.0201
-0.0197
-0.0200
-0.0190
-0.0184
-0.0153
-0.0127
-0.0080
-0.0048
-0.0020
0.0016
0.0064
0.0107
0.0154
0.0185
0.0186
0.0191
0.0199
0.0202
0.0198
0.0178
0.0149
0.0104
0.0067
0.0027
-0.0016
-0.0048
-0.0088
-0.0138
-0.0180
-0.0213
-0.0247
-0.0270
-0.0285
-0.0289
-0.0296
-0.0285
-0.0259
-0.0230
-0.0183
-0.0148
-0.0104
-0.0082
-0.0038
0.0015
0.0069
0.0124
0.0155
0.0171
0.0195
0.0224
0.0249
0.0255
0.0258
0.0246
0.0219
0.0198
0.0171
0.0140
0.0107
0.0074
0.0023
-0.0025
-0.0065
-0.0107
-0.0153
-0.0174
-0.0204
-0.0241
-0.0255
-0.0259
-0.0251
-0.0254
-0.0236
-0.0244
-0.0236
-0.0214
-0.0185
-0.0156
-0.0116
-0.0078
-0.0055
-0.0025
0.0017
0.0058
0.0093
0.0136
0.0168
0.0179
0.0199
0.0223
0.0237
0.0252
0.0263
0.0240
0.0228
0.0213
0.0189
0.0160
0.0128
0.0086
0.0032
-0.0010
-0.0054
-0.0097
-0.0142
-0.0172
-0.0216
-0.0248
-0.0268
-0.0275
-0.0288
-0.0272
-0.0265
-0.0268
-0.0266
-0.0242
-0.0218
-0.0191
-0.0139
-0.0116
-0.0099
-0.0061
-0.0018
0.0018
0.0068
0.0106
0.0134
0.0159
0.0191
0.0219
0.0243
0.0272
0.0281
0.0270
0.0270
0.0264
0.0248
0.0232
0.0204
0.0163
0.0116
0.0082
0.0036
-0.0011
-0.0048
-0.0091
-0.0151
-0.0189
-0.0218
-0.0243
-0.0256
-0.0255
-0.0268
-0.0271
-0.0266
-0.0259
-0.0242
-0.0213
-0.0180
-0.0165
-0.0144
-0.0104
-0.0055
-0.0012
0.0041
0.0082
0.0109
0.0141
0.0184
0.0215
0.0000
0.0000
0.0000
0.0000
0.0000
0.0000
0.0000
0.0000
0.0000
0.0000
0.0000
0.0000
0.0000
0.0000
0.0000
0.0000
