200
0   0 0.0000
0   0 0.0000
0   0 0.0000
0   0 0.0000
0   0 0.0000
0   0 0.0000
0   0 0.0000
0   0 0.0000
0   0 0.0000
1  15 0.0134
1  15 0.0172
1  15 0.0217
1  15 0.0229
1  15 0.0252
1  15 0.0315
1  15 0.0363
1  15 0.0377
1  15 0.0392
1  15 0.0374
1  15 0.0373
1  15 0.0340
1  15 0.0274
1  15 0.0218
1  15 0.0163
1  15 0.0102
2  15 0.0032
2  15 -0.0036
1  15 -0.0111
1  15 -0.0171
1  15 -0.0236
1  15 -0.0292
1  15 -0.0328
1  15 -0.0354
1  15 -0.0408
1  15 -0.0420
1  12 -0.0455
1  12 -0.0460
1  11 -0.0493
1  11 -0.0579
1  11 -0.0602
1  11 -0.0588
1  11 -0.0582
1  11 -0.0623
1  11 -0.0599
1  11 -0.0576
1  11 -0.0524
1  11 -0.0516
1  11 -0.0439
1  11 -0.0338
1  10 -0.0281
1  10 -0.0264
2  10 -0.0207
2  10 -0.0165
0  14 0.0000
1  14 -0.0354
1  14 -0.0347
1  14 -0.0365
1  11 0.0323
1  11 0.0321
1  11 0.0345
1  11 0.0323
1  11 0.0331
1  11 0.0370
1  11 0.0333
1  11 0.0246
1  11 0.0163
2  11 0.0062
2  11 0.0028
1  14 0.0138
1  14 0.0213
1  12 -0.0228
1  12 -0.0272
1  12 -0.0324
1  12 -0.0374
1  12 -0.0476
1  12 -0.0516
1  11 -0.0524
1  11 -0.0528
1  11 -0.0586
1  11 -0.0592
1  11 -0.0566
1  11 -0.0577
1  11 -0.0558
1  11 -0.0527
1  11 -0.0491
1  11 -0.0424
1  10 -0.0335
1  10 -0.0267
2  10 -0.0216
2  10 -0.0159
0  14 0.0000
1  14 -0.0191
1  14 -0.0178
1  11 0.0144
1  11 0.0185
1  11 0.0194
1  11 0.0156
1  10 0.0135
1  10 0.0131
1  10 0.0168
1  10 0.0165
1  10 0.0120
1  12 -0.0125
1  12 -0.0194
1  12 -0.0298
1  12 -0.0326
1  12 -0.0358
1  12 -0.0394
1  12 -0.0378
1  12 -0.0380
1  12 -0.0423
1  12 -0.0466
1  12 -0.0470
1  12 -0.0458
1  12 -0.0450
1  12 -0.0404
1  11 -0.0383
1  11 -0.0372
1  11 -0.0322
1  11 -0.0303
2  11 -0.0256
2  11 -0.0241
0  15 0.0000
1  15 0.0238
1  15 0.0247
1  15 0.0245
1  15 0.0236
1  15 0.0204
1  15 0.0207
1  15 0.0166
1  15 0.0128
2  15 0.0094
2  15 0.0068
0  11 0.0000
1  11 0.0233
1  11 0.0263
1  11 0.0248
1  11 0.0264
1  11 0.0274
1  10 0.0247
1  10 0.0224
2  10 0.0188
2  10 0.0189
0  15 0.0000
1  15 -0.0212
1  15 -0.0203
1  15 -0.0158
1  15 -0.0165
1  15 -0.0135
1  12 -0.0141
1  12 -0.0170
1  12 -0.0251
1  12 -0.0267
1  12 -0.0293
1  12 -0.0322
1  12 -0.0311
1  12 -0.0288
1  15 0.0276
1  15 0.0306
1  15 0.0303
1  15 0.0326
1  15 0.0333
1  15 0.0334
1  15 0.0318
1  15 0.0310
1  15 0.0279
1  15 0.0224
1  15 0.0189
1  15 0.0150
1  15 0.0102
2  15 0.0036
1  13 0.0101
2  13 0.0096
1  13 0.0115
1  13 0.0185
1  15 -0.0217
1  15 -0.0241
1  15 -0.0270
1  15 -0.0296
1  15 -0.0316
1  15 -0.0311
1  15 -0.0313
1  15 -0.0295
1  15 -0.0257
2  15 -0.0235
2  15 -0.0223
0  11 0.0000
1  11 -0.0252
1  11 -0.0233
1  11 -0.0194
1  11 -0.0184
1  11 -0.0190
1  11 -0.0163
1  12 -0.0107
2  12 -0.0068
1  15 0.0124
1  15 0.0137
1  15 0.0154
1  15 0.0194
1  15 0.0235
