200
0.0000
0.0000
0.0000
0.0000
0.0000
0.0000
0.0000
0.0000
0.0000
0.0134
0.0172
0.0217
0.0229
0.0252
0.0315
0.0363
0.0377
0.0392
0.0374
0.0373
0.0340
0.0274
0.0218
0.0163
0.0102
0.0032
-0.0036
-0.0111
-0.0171
-0.0236
-0.0292
-0.0328
-0.0354
-0.0408
-0.0420
-0.0455
-0.0460
-0.0493
-0.0579
-0.0602
-0.0588
-0.0582
-0.0623
-0.0599
-0.0576
-0.0524
-0.0516
-0.0439
-0.0338
-0.0281
-0.0264
-0.0207
-0.0165
0.0000
-0.0354
-0.0347
-0.0365
0.0323
0.0321
0.0345
0.0323
0.0331
0.0370
0.0333
0.0246
0.0163
0.0062
0.0028
0.0138
0.0213
-0.0228
-0.0272
-0.0324
-0.0374
-0.0476
-0.0516
-0.0524
-0.0528
-0.0586
-0.0592
-0.0566
-0.0577
-0.0558
-0.0527
-0.0491
-0.0424
-0.0335
-0.0267
-0.0216
-0.0159
0.0000
-0.0191
-0.0178
0.0144
0.0185
0.0194
0.0156
0.0135
0.0131
0.0168
0.0165
0.0120
-0.0125
-0.0194
-0.0298
-0.0326
-0.0358
-0.0394
-0.0378
-0.0380
-0.0423
-0.0466
-0.0470
-0.0458
-0.0450
-0.0404
-0.0383
-0.0372
-0.0322
-0.0303
-0.0256
-0.0241
0.0000
0.0238
0.0247
0.0245
0.0236
0.0204
0.0207
0.0166
0.0128
0.0094
0.0068
0.0000
0.0233
0.0263
0.0248
0.0264
0.0274
0.0247
0.0224
0.0188
0.0189
0.0000
-0.0212
-0.0203
-0.0158
-0.0165
-0.0135
-0.0141
-0.0170
-0.0251
-0.0267
-0.0293
-0.0322
-0.0311
-0.0288
0.0276
0.0306
0.0303
0.0326
0.0333
0.0334
0.0318
0.0310
0.0279
0.0224
0.0189
0.0150
0.0102
0.0036
0.0101
0.0096
0.0115
0.0185
-0.0217
-0.0241
-0.0270
-0.0296
-0.0316
-0.0311
-0.0313
-0.0295
-0.0257
-0.0235
-0.0223
0.0000
-0.0252
-0.0233
-0.0194
-0.0184
-0.0190
-0.0163
-0.0107
-0.0068
0.0124
0.0137
0.0154
0.0194
0.0235
