188
-0.001766
-0.001412
0.000106
-0.000165
-0.00027
-0.000277
0.000182
0.00088
-0.000769
-0.011635
-0.032041
-0.060177
-0.054971
-0.012953
0.010956
-0.031383
-0.029763
-0.02235
-0.010782
0.004665
0.004174
0.000414
0.00256
0.004003
0.002392
0.000356
-0.000864
-0.001523
-0.000606
-0.001762
-0.00289
-0.003006
0.003353
0.004809
0.002402
-0.001928
-0.003725
-0.000327
0.00343
0.005863
0.005581
0.002879
-0.000656
0.000137
0.000688
0.000394
-0.000773
-0.001997
-0.001514
9.2e-05
0.001486
0.002866
0.00234
0.000308
-0.00085
-0.001175
-0.000724
0.000272
0.000391
0.000142
0.000789
0.002755
0.004463
0.003119
-0.000529
-0.000623
-0.000295
-9.1e-05
0.000216
0.001261
0.001878
0.001529
0.000463
-0.001421
-0.00387
-0.00325
-0.000169
0.002833
0.003953
0.00218
0.000152
-0.001249
-0.002005
-0.000199
0.001414
0.002005
0.001896
-0.000155
-0.000527
4e-06
0.000952
0.000377
-0.001331
-0.000279
4e-06
-0.000296
-0.000743
-0.000767
-0.000532
-0.000387
-0.000402
-0.000142
1.6e-05
0.000175
0.000102
-0.000105
-0.000192
-0.000134
3.1e-05
0.000496
0.000828
0.000679
0.000291
-0.000202
-0.000432
-0.000159
0.000556
0.000372
-7.4e-05
0.000356
0.000193
-0.00017
-0.000467
-0.000604
-0.000903
-0.000937
-0.000562
-0.000398
-0.000378
0.000916
0.000826
0.000518
8.3e-05
0.000395
0.000401
-6e-05
-0.000404
-0.000222
-0.000133
-0.0003
-0.000779
-0.000807
-0.000624
-0.000591
-0.000565
-0.000625
-0.00067
-0.000239
4.7e-05
-8.8e-05
-0.000324
-0.000419
-9.7e-05
0.000232
-5e-06
0.000189
0.000248
-4.1e-05
-0.000256
-3.1e-05
0.00021
0.000194
9.3e-05
6.9e-05
0.000158
6.1e-05
-0.00013
-0.000191
-0.000184
-7.6e-05
2.2e-05
5.5e-05
1.5e-05
-0.000184
-0.000338
-0.000404
-0.000316
3.9e-05
0.000241
0.000251
0.000134
8e-06
-4.9e-05
-0.000103
-4e-05
-6.2e-05
-3.2e-05
0.000108
