62556160.000000
64008448.000000
62135296.000000
62461440.000000
63936000.000000
62288896.000000
62447104.000000
63779328.000000
62558208.000000
62454016.000000
63615232.000000
62597120.000000
62490880.000000
63437824.000000
62756608.000000
62544384.000000
63271168.000000
62795520.000000
62718720.000000
63150848.000000
62808064.000000
62871808.000000
63096832.000000
62722816.000000
62939904.000000
63108608.000000
62638336.000000
62977024.000000
63172352.000000
62563328.000000
62949888.000000
63255552.000000
62586880.000000
62825728.000000
63334400.000000
62638336.000000
62651648.000000
63306240.000000
62831104.000000
62539776.000000
63155200.000000
63019008.000000
62509568.000000
63025920.000000
63246848.000000
62598400.000000
62776576.000000
63272192.000000
62790912.000000
62605824.000000
63285504.000000
62987520.000000
62532096.000000
63203840.000000
63043072.000000
62563072.000000
63072000.000000
63104512.000000
62620928.000000
63027712.000000
63147008.000000
62677760.000000
62914560.000000
63147264.000000
62774784.000000
62865664.000000
63123456.000000
62829056.000000
62792704.000000
63075072.000000
62925312.000000
62802944.000000
62984448.000000
62991104.000000
62836736.000000
62884864.000000
62991872.000000
62894592.000000
62820864.000000
62987520.000000
62971392.000000
62784000.000000
62935808.000000
63014144.000000
62817024.000000
62866432.000000
63065088.000000
62834176.000000
62807808.000000
63058944.000000
62870784.000000
62778368.000000
63053568.000000
62924544.000000
62758400.000000
63024896.000000
63005184.000000
62781184.000000
62950912.000000
63058176.000000
62804224.000000
62919680.000000
63014912.000000
62870784.000000
62848512.000000
62988032.000000
62923264.000000
62851328.000000
62936832.000000
62944768.000000
62867456.000000
62905600.000000
62958336.000000
62888192.000000
62897664.000000
62926336.000000
62920960.000000
62902272.000000
62930944.000000
62922240.000000
62906112.000000
62910720.000000
62932480.000000
62909952.000000
62899968.000000
62919424.000000
62917888.000000
62909696.000000
62920704.000000
62916352.000000
62897664.000000
62923776.000000
62911488.000000
62906112.000000
62939648.000000
62913792.000000
62876672.000000
62948864.000000
62923264.000000
62864128.000000
62934272.000000
62927360.000000
62877696.000000
62935552.000000
62943488.000000
62892544.000000
62927616.000000
62951680.000000
62880000.000000
62918400.000000
62954240.000000
62889728.000000
62898432.000000
62946304.000000
62910720.000000
62898176.000000
62942464.000000
62905088.000000
62898432.000000
62940160.000000
62913024.000000
62909440.000000
62945280.000000
62903552.000000
62906880.000000
62932736.000000
62906112.000000
62904064.000000
62939136.000000
62910464.000000
62897920.000000
62929152.000000
62917120.000000
62902272.000000
62940416.000000
62919936.000000
62898944.000000
62918400.000000
62914048.000000
62914816.000000
62913792.000000
62909440.000000
62908416.000000
62918144.000000
62917632.000000
62902528.000000
62916864.000000
62923008.000000
62891264.000000
62925056.000000
62925312.000000
62897408.000000
62919936.000000
62937600.000000
62905344.000000
62890752.000000
62944256.000000
62916096.000000
62876928.000000
62929664.000000
62950656.000000
62862336.000000
62906880.000000
62985472.000000
62889216.000000
62849536.000000
62995712.000000
62928640.000000
62815744.000000
62985216.000000
62962688.000000
62817024.000000
62933760.000000
63008000.000000
62832128.000000
62906368.000000
62994176.000000
62884608.000000
62852352.000000
63002880.000000
62936576.000000
62837248.000000
62975232.000000
62929664.000000
62843392.000000
62963712.000000
62936064.000000
62841088.000000
62947072.000000
62948864.000000
62838272.000000
62943488.000000
62976768.000000
62830336.000000
62931200.000000
62979328.000000
62842880.000000
62882560.000000
63013888.000000
62864896.000000
62853120.000000
62987264.000000
62906624.000000
62831872.000000
62947072.000000
62937856.000000
62846976.000000
62918912.000000
62978304.000000
62877184.000000
62888960.000000
62953984.000000
62919168.000000
62884864.000000
62938112.000000
62930688.000000
62890240.000000
62914816.000000
62921472.000000
62915328.000000
62907392.000000
62903552.000000
62930176.000000
62913024.000000
62899200.000000
62922496.000000
62928640.000000
62883072.000000
62908672.000000
62937600.000000
62906112.000000
62896128.000000
62936064.000000
62927104.000000
62892544.000000
62922752.000000
62955264.000000
62901248.000000
62885120.000000
62946304.000000
62938880.000000
62854656.000000
62941952.000000
62973184.000000
62844416.000000
62907392.000000
62987776.000000
62847488.000000
62880000.000000
63000832.000000
62871040.000000
62844928.000000
63003904.000000
62894848.000000
62845184.000000
62993152.000000
62920960.000000
62802432.000000
62993408.000000
62928640.000000
62812416.000000
62953472.000000
62967552.000000
62796800.000000
62927104.000000
62991872.000000
62820864.000000
62901504.000000
63023872.000000
62846464.000000
62856704.000000
63015680.000000
62901760.000000
62832896.000000
62995456.000000
62960896.000000
62822912.000000
62934784.000000
62983168.000000
62865152.000000
62886144.000000
62996736.000000
62910464.000000
62856704.000000
62955264.000000
62959616.000000
62834688.000000
62908928.000000
63002624.000000
62863872.000000
62867968.000000
62980096.000000
62887168.000000
62845952.000000
62968832.000000
62921728.000000
62845952.000000
62937600.000000
62951168.000000
62854400.000000
62915840.000000
62947584.000000
62871808.000000
62909184.000000
62953728.000000
62888448.000000
62892800.000000
62958080.000000
62910976.000000
62889472.000000
62939136.000000
62934528.000000
62872064.000000
62931200.000000
62950912.000000
62875904.000000
62893312.000000
62974976.000000
62902272.000000
62863616.000000
62976512.000000
62938624.000000
62820096.000000
62962432.000000
62994944.000000
62802688.000000
62923776.000000
63026432.000000
62808064.000000
62874368.000000
63058432.000000
62811648.000000
62820352.000000
63063296.000000
62867456.000000
62766336.000000
63054848.000000
62908160.000000
62745600.000000
63038976.000000
62976000.000000
62729728.000000
62998016.000000
62996992.000000
62748928.000000
62942720.000000
63060480.000000
62763264.000000
62884096.000000
63083264.000000
62792448.000000
62839040.000000
63095808.000000
62811904.000000
62814720.000000
63078400.000000
62900736.000000
62769664.000000
63058432.000000
62943232.000000
62766336.000000
63000576.000000
62977792.000000
62808064.000000
62920960.000000
62985216.000000
62870784.000000
62911744.000000
62944768.000000
62923520.000000
62906112.000000
62897152.000000
62921984.000000
62934272.000000
62878464.000000
62905600.000000
62979584.000000
62886912.000000
62856192.000000
62984448.000000
62928896.000000
62845440.000000
62961920.000000
62966272.000000
62857472.000000
62914560.000000
62977280.000000
62877184.000000
62861312.000000
62972416.000000
62927104.000000
62861312.000000
62923520.000000
62951168.000000
62851328.000000
62905856.000000
62975232.000000
62878976.000000
62872320.000000
62976000.000000
62908160.000000
62846720.000000
62966016.000000
62937856.000000
62851584.000000
62941184.000000
62976768.000000
62852864.000000
62889984.000000
62974976.000000
62880512.000000
62880256.000000
62977280.000000
62912512.000000
62868480.000000
62968832.000000
62932736.000000
62859008.000000
62942208.000000
62946304.000000
62873600.000000
62927616.000000
62949632.000000
62884864.000000
62908928.000000
62949376.000000
62898688.000000
62899968.000000
62946816.000000
62908416.000000
62893568.000000
62921728.000000
62931712.000000
62885888.000000
62935296.000000
62924544.000000
62892288.000000
62917888.000000
62927872.000000
62912512.000000
62905856.000000
62922752.000000
62911488.000000
62907904.000000
62912000.000000
62924544.000000
62926592.000000
62890240.000000
62918656.000000
62914048.000000
62903808.000000
62914048.000000
62932992.000000
62903552.000000
62906368.000000
62923264.000000
62910720.000000
62907904.000000
62910464.000000
62920448.000000
62914304.000000
62900992.000000
62912512.000000
62923520.000000
62919424.000000
62925056.000000
62915840.000000
62922752.000000
62913536.000000
62919424.000000
62929408.000000
62916864.000000
62905088.000000
62930176.000000
62919680.000000
62891264.000000
62913792.000000
62940672.000000
62897664.000000
62895872.000000
62940160.000000
62898688.000000
62878720.000000
62926080.000000
62915584.000000
62878208.000000
62934272.000000
62949376.000000
62875904.000000
62909184.000000
62952448.000000
62898944.000000
62898944.000000
62936832.000000
62904832.000000
62893824.000000
62931712.000000
62917376.000000
62889984.000000
62932736.000000
62917888.000000
62902016.000000
62917120.000000
62928640.000000
62916096.000000
62920448.000000
62915072.000000
62907648.000000
62906624.000000
62925824.000000
62916352.000000
62906112.000000
62920192.000000
62920192.000000
62901760.000000
62903552.000000
62926336.000000
62913024.000000
62908672.000000
62924288.000000
62911488.000000
62908416.000000
62913536.000000
62923008.000000
62912256.000000
62913024.000000
62923520.000000
62919168.000000
62907392.000000
62914048.000000
62921728.000000
62910976.000000
62908672.000000
62923776.000000
62912000.000000
62910976.000000
62926080.000000
