253.587509
259.221893
252.126053
253.238556
258.638550
252.691681
253.508347
257.984375
253.639603
253.693756
257.384399
253.626053
253.827103
256.964600
254.053131
253.932312
256.481262
254.187515
254.292725
256.157318
254.434387
254.523972
255.982300
254.476059
254.530228
255.696884
254.769806
254.603134
255.273972
255.045853
254.770844
254.907303
255.391678
255.075012
254.231262
255.787506
255.772934
253.565643
255.559387
256.808350
253.369812
254.672928
257.607300
253.466675
253.384384
258.028137
254.550018
252.651062
257.333344
256.028137
251.967728
256.503143
257.046875
252.334381
255.204178
257.040649
253.287506
254.293762
256.775024
254.179184
254.045853
256.155212
254.870850
254.020844
255.538559
255.203140
254.289597
255.250015
255.409393
254.448975
254.987518
255.457306
254.673965
254.747925
255.604187
254.884384
254.553131
255.408340
255.081268
254.593765
255.228134
255.232300
254.677094
255.104187
255.141678
254.836472
255.008347
255.123978
254.951050
254.977097
255.048965
254.895844
255.017715
254.933350
254.932312
255.041687
255.107300
254.950012
254.941681
255.140640
255.026062
254.963562
254.898972
255.183350
254.912506
254.720840
255.223969
255.010437
254.702103
255.108353
255.175018
254.664597
255.022934
255.242722
254.691681
254.954178
255.307312
254.806259
254.850006
255.304184
254.879181
254.841675
255.300018
254.950012
254.787506
255.228134
254.998978
254.846893
255.186478
254.984390
254.788559
255.179184
255.067719
254.784393
255.134384
255.087509
254.771881
255.069809
255.067719
254.818756
254.976059
255.133347
254.922928
255.005219
255.090637
254.964600
254.943756
255.070847
255.082306
254.955215
254.988556
255.082306
254.956268
254.897934
255.078140
255.004181
254.854187
255.053131
255.092728
254.852097
254.929184
255.157303
254.887512
254.938553
255.162506
254.928131
254.895844
255.113556
255.009384
254.902100
255.071884
254.998978
254.921890
255.057312
255.051056
254.914597
255.041687
255.013550
254.891678
255.081268
255.028137
254.911469
255.075012
255.085434
254.890640
255.032303
255.132309
254.864594
254.933350
255.184387
255.023972
254.856262
255.146881
255.088562
254.866684
255.006256
255.138550
254.886475
254.925018
255.155228
255.038559
254.784393
255.111465
255.106262
254.827103
254.934387
255.308350
254.882309
254.730225
255.308350
254.989594
254.631256
255.253143
255.194809
254.589600
255.159393
255.326050
254.676056
254.948975
255.410431
254.803131
254.809387
255.459381
254.848969
254.621887
255.450012
255.022934
254.589600
255.310425
255.251053
254.401062
255.193756
255.476059
254.476059
254.914597
255.541687
254.608353
254.638550
255.610428
254.866684
254.420853
255.402100
255.241684
254.367722
255.038559
255.461472
254.548965
254.839600
255.535431
254.839600
254.582306
255.440643
255.114594
254.539597
255.212509
255.383347
254.663559
254.917725
255.391678
254.859390
254.742722
255.307312
255.088562
254.706268
255.116684
255.275009
254.698975
254.948975
255.277100
254.783340
254.884384
255.234390
254.855225
254.915634
255.225006
254.800018
254.935425
255.267715
254.770844
254.792725
255.381256
254.758347
254.681259
255.483353
254.931259
254.505219
255.458344
255.043762
254.438553
255.264603
255.378143
254.468765
254.980225
255.440643
254.654175
254.783340
255.508347
254.853134
254.670853
255.371887
255.080215
254.638550
255.223969
255.262512
254.682312
254.966675
255.384384
254.787506
254.779175
255.407303
254.958344
254.663559
255.278137
255.142715
254.508347
255.216675
255.378143
254.470840
255.102097
255.471893
254.471893
254.915634
255.618759
254.494812
254.682312
255.633347
254.681259
254.479187
255.597931
254.940643
254.375015
255.426056
255.207306
254.385437
255.209381
255.367722
254.529175
254.969803
255.456268
254.715637
254.780228
255.345840
254.863556
254.777100
255.237518
255.052094
254.790634
255.190643
255.093765
254.805222
255.104187
255.182312
254.844803
255.014603
255.209381
254.857300
254.863556
255.294800
254.958344
254.756256
255.231262
255.184387
254.606262
255.114594
255.327103
254.565643
254.947937
255.481262
254.614594
254.726059
255.507309
254.740631
254.513550
255.488556
255.029175
254.358353
255.340637
255.150009
254.343765
255.250015
255.377090
254.440643
255.048965
255.433350
254.647934
254.879181
255.510437
254.713562
254.800018
255.428131
254.882309
254.742722
255.304184
254.950012
254.815643
255.189590
255.055222
254.802094
255.108353
255.027100
254.968765
254.981262
254.961472
255.082306
254.960434
254.818756
255.255219
255.011475
254.618759
255.231262
255.291687
254.462509
255.002090
255.513550
254.523972
254.789597
255.656265
254.676056
254.471893
255.645844
255.061478
254.411469
255.453140
255.326050
254.481262
255.201050
255.408340
254.621887
254.807312
255.382309
254.907303
254.827103
255.152100
255.051056
254.814590
255.001053
255.153137
254.880219
254.919800
255.108353
254.990631
254.861465
255.055222
255.078140
254.882309
254.966675
255.177094
254.900009
254.848969
255.213562
254.958344
254.794800
255.223969
255.050018
254.744812
255.143768
255.159393
254.706268
255.085434
255.276062
254.721893
255.005219
255.284393
254.819809
254.865631
255.311478
254.918762
254.839600
255.193756
255.015640
254.794800
255.159393
255.141678
254.783340
255.093765
255.159393
254.788559
254.997925
255.176056
254.832306
254.926056
255.166687
254.992722
254.845840
255.122925
255.090637
254.896881
254.932312
255.088562
254.955215
254.921890
255.060425
255.021881
254.893768
255.030228
255.029175
254.925018
254.979187
255.079178
254.970840
254.938553
255.055222
255.015640
254.976059
255.000015
255.075012
254.929184
255.015640
255.022934
254.929184
255.013550
255.072937
254.848969
255.019806
255.133347
254.823975
254.922928
255.215637
254.864594
254.814590
255.261475
254.976059
254.669800
255.162506
255.180222
254.672928
255.086472
255.270844
254.705215
254.903137
255.343765
254.816681
254.812515
255.247925
254.931259
254.815643
255.159393
255.014603
254.831268
255.102097
255.091675
254.868759
255.032303
255.102097
254.929184
254.997925
255.087509
254.941681
254.918762
255.068756
255.023972
254.925018
255.034393
255.065643
254.941681
254.952103
255.058350
255.016678
254.908340
255.029175
255.005219
254.960434
254.998978
255.033340
254.982300
254.977097
255.034393
254.956268
254.959381
255.040634
255.012512
255.018768
255.001053
255.000015
254.993759
254.982300
255.042725
